ID,Size,Predicted,Actual
0,118,0.08329596217309033,NO
1,22,0.09895629902624371,NO
2,75,0.08329596217309033,NO
3,133,0.08763477896833007,NO
4,79,0.08329596217309033,NO
5,91,0.08329596217309033,NO
6,70,0.08329596217309033,NO
7,57,0.08329596217309033,NO
8,70,0.08329596217309033,NO
9,59,0.08329596217309033,NO
10,88,0.08329596217309033,NO
11,40,0.09895629902624371,NO
12,104,0.08329596217309033,NO
13,195,0.08763477896833007,NO
14,201,0.08763477896833007,NO
15,192,0.08763477896833007,NO
16,97,0.08329596217309033,NO
17,101,0.08329596217309033,NO
18,98,0.08329596217309033,NO
19,187,0.08763477896833007,NO
20,149,0.08763477896833007,NO
21,151,0.08763477896833007,NO
22,196,0.08763477896833007,NO
23,90,0.08329596217309033,NO
24,115,0.08329596217309033,NO
25,62,0.08329596217309033,NO
26,61,0.08329596217309033,NO
27,142,0.08763477896833007,YES
28,47,0.08329596217309033,YES
29,85,0.08329596217309033,NO
30,65,0.08329596217309033,NO
31,106,0.08329596217309033,NO
32,85,0.08329596217309033,NO
33,88,0.08329596217309033,NO
34,144,0.08763477896833007,NO
35,81,0.08329596217309033,NO
36,80,0.08329596217309033,NO
37,69,0.08329596217309033,NO
38,89,0.08329596217309033,NO
39,67,0.08329596217309033,NO
40,88,0.08329596217309033,NO
41,40,0.09895629902624371,NO
42,92,0.08329596217309033,NO
43,95,0.08329596217309033,NO
44,49,0.08329596217309033,NO
45,102,0.08329596217309033,NO
46,94,0.08329596217309033,NO
47,72,0.08329596217309033,NO
48,69,0.08329596217309033,NO
49,86,0.08329596217309033,NO
50,221,0.11483251703659864,NO
51,131,0.08763477896833007,NO
52,166,0.08763477896833007,NO
53,116,0.08329596217309033,NO
54,155,0.08763477896833007,NO
55,67,0.08329596217309033,NO
56,88,0.08329596217309033,NO
57,40,0.09895629902624371,NO
58,57,0.08329596217309033,NO
59,39,0.09895629902624371,NO
60,98,0.08329596217309033,NO
61,106,0.08329596217309033,NO
62,101,0.08329596217309033,NO
63,94,0.08329596217309033,NO
64,76,0.08329596217309033,NO
65,116,0.08329596217309033,NO
66,56,0.08329596217309033,NO
67,48,0.08329596217309033,NO
68,82,0.08329596217309033,NO
69,45,0.08329596217309033,NO
70,45,0.08329596217309033,NO
71,30,0.09895629902624371,NO
72,77,0.08329596217309033,NO
73,302,0.18292348336134154,NO
74,86,0.08329596217309033,NO
75,198,0.08763477896833007,NO
76,175,0.08763477896833007,NO
77,86,0.08329596217309033,NO
78,68,0.08329596217309033,NO
79,105,0.08329596217309033,NO
80,194,0.08763477896833007,NO
81,106,0.08329596217309033,NO
82,97,0.08329596217309033,NO
83,69,0.08329596217309033,NO
84,101,0.08329596217309033,NO
85,62,0.08329596217309033,NO
86,108,0.08329596217309033,NO
87,432,0.33050981721525724,NO
88,173,0.08763477896833007,NO
89,243,0.11483251703659864,YES
90,107,0.08329596217309033,NO
91,120,0.08329596217309033,NO
92,110,0.08329596217309033,NO
93,58,0.08329596217309033,NO
94,37,0.09895629902624371,NO
95,77,0.08329596217309033,NO
96,142,0.08763477896833007,NO
97,118,0.08329596217309033,NO
98,80,0.08329596217309033,NO
99,59,0.08329596217309033,NO
100,69,0.08329596217309033,NO
101,95,0.08329596217309033,NO
102,97,0.08329596217309033,NO
103,95,0.08329596217309033,NO
104,71,0.08329596217309033,NO
105,114,0.08329596217309033,NO
106,109,0.08329596217309033,NO
107,116,0.08329596217309033,NO
108,88,0.08329596217309033,NO
109,63,0.08329596217309033,NO
110,79,0.08329596217309033,NO
111,105,0.08329596217309033,NO
112,70,0.08329596217309033,NO
113,32,0.09895629902624371,NO
114,148,0.08763477896833007,NO
115,156,0.08763477896833007,NO
116,119,0.08329596217309033,NO
117,116,0.08329596217309033,NO
118,73,0.08329596217309033,NO
119,92,0.08329596217309033,NO
120,125,0.08763477896833007,NO
121,202,0.11483251703659864,NO
122,181,0.08763477896833007,NO
123,153,0.08763477896833007,NO
124,98,0.08329596217309033,NO
125,88,0.08329596217309033,NO
126,144,0.08763477896833007,NO
127,112,0.08329596217309033,NO
128,146,0.08763477896833007,NO
129,113,0.08329596217309033,NO
130,147,0.08763477896833007,NO
131,125,0.08763477896833007,NO
132,252,0.11483251703659864,NO
133,368,0.33050981721525724,NO
134,106,0.08329596217309033,NO
135,181,0.08763477896833007,NO
136,261,0.11483251703659864,NO
137,629,0.9584523547831713,NO
138,39,0.09895629902624371,NO
139,39,0.09895629902624371,NO
140,37,0.09895629902624371,NO
141,39,0.09895629902624371,NO
142,24,0.09895629902624371,NO
143,67,0.08329596217309033,NO
144,77,0.08329596217309033,NO
145,77,0.08329596217309033,NO
146,54,0.08329596217309033,NO
147,95,0.08329596217309033,NO
148,58,0.08329596217309033,NO
149,24,0.09895629902624371,NO
150,64,0.08329596217309033,NO
151,216,0.11483251703659864,NO
152,36,0.09895629902624371,NO
153,36,0.09895629902624371,NO
154,208,0.11483251703659864,NO
155,31,0.09895629902624371,NO
156,39,0.09895629902624371,NO
157,256,0.11483251703659864,NO
158,89,0.08329596217309033,NO
159,59,0.08329596217309033,NO
160,52,0.08329596217309033,NO
161,55,0.08329596217309033,NO
162,131,0.08763477896833007,NO
163,71,0.08329596217309033,NO
164,64,0.08329596217309033,NO
165,39,0.09895629902624371,NO
166,47,0.08329596217309033,NO
167,74,0.08329596217309033,NO
168,71,0.08329596217309033,NO
169,175,0.08763477896833007,NO
170,44,0.08329596217309033,NO
171,175,0.08763477896833007,NO
172,58,0.08329596217309033,NO
173,58,0.08329596217309033,NO
174,290,0.18292348336134154,NO
175,85,0.08329596217309033,NO
176,35,0.09895629902624371,NO
177,183,0.08763477896833007,NO
178,231,0.11483251703659864,NO
179,51,0.08329596217309033,NO
180,238,0.11483251703659864,NO
181,139,0.08763477896833007,NO
182,132,0.08763477896833007,NO
183,484,0.581796142969237,NO
184,225,0.11483251703659864,NO
185,42,0.08329596217309033,NO
186,44,0.08329596217309033,NO
187,94,0.08329596217309033,NO
188,166,0.08763477896833007,NO
189,27,0.09895629902624371,NO
190,47,0.08329596217309033,NO
191,60,0.08329596217309033,NO
192,37,0.09895629902624371,NO
193,68,0.08329596217309033,NO
194,24,0.09895629902624371,NO
195,32,0.09895629902624371,NO
196,32,0.09895629902624371,NO
197,36,0.09895629902624371,NO
198,35,0.09895629902624371,NO
199,24,0.09895629902624371,NO
200,36,0.09895629902624371,NO
201,34,0.09895629902624371,NO
202,156,0.08763477896833007,NO
203,125,0.08763477896833007,NO
204,110,0.08329596217309033,NO
205,97,0.08329596217309033,NO
206,65,0.08329596217309033,NO
207,67,0.08329596217309033,NO
208,69,0.08329596217309033,NO
209,26,0.09895629902624371,NO
210,76,0.08329596217309033,NO
211,55,0.08329596217309033,NO
212,39,0.09895629902624371,NO
213,45,0.08329596217309033,NO
214,45,0.08329596217309033,NO
215,37,0.09895629902624371,NO
216,71,0.08329596217309033,NO
217,45,0.08329596217309033,NO
218,58,0.08329596217309033,NO
219,492,0.581796142969237,NO
220,410,0.33050981721525724,NO
221,183,0.08763477896833007,NO
222,104,0.08329596217309033,NO
223,64,0.08329596217309033,NO
224,208,0.11483251703659864,NO
225,235,0.11483251703659864,NO
226,54,0.08329596217309033,NO
227,135,0.08763477896833007,NO
228,129,0.08763477896833007,NO
229,170,0.08763477896833007,NO
230,125,0.08763477896833007,NO
231,126,0.08763477896833007,NO
232,122,0.08763477896833007,NO
233,228,0.11483251703659864,NO
234,158,0.08763477896833007,NO
235,31,0.09895629902624371,NO
236,52,0.08329596217309033,NO
237,46,0.08329596217309033,NO
238,30,0.09895629902624371,NO
239,41,0.08329596217309033,NO
240,109,0.08329596217309033,NO
241,27,0.09895629902624371,NO
242,47,0.08329596217309033,NO
243,76,0.08329596217309033,NO
244,47,0.08329596217309033,NO
245,31,0.09895629902624371,NO
246,65,0.08329596217309033,NO
247,41,0.08329596217309033,NO
248,34,0.09895629902624371,NO
249,45,0.08329596217309033,NO
250,31,0.09895629902624371,NO
251,79,0.08329596217309033,NO
252,101,0.08329596217309033,NO
253,89,0.08329596217309033,NO
254,59,0.08329596217309033,NO
255,177,0.08763477896833007,NO
256,74,0.08329596217309033,NO
257,72,0.08329596217309033,NO
258,41,0.08329596217309033,NO
259,70,0.08329596217309033,NO
260,59,0.08329596217309033,NO
261,58,0.08329596217309033,NO
262,57,0.08329596217309033,NO
263,58,0.08329596217309033,NO
264,54,0.08329596217309033,NO
265,86,0.08329596217309033,NO
266,61,0.08329596217309033,NO
267,67,0.08329596217309033,NO
268,30,0.09895629902624371,NO
269,39,0.09895629902624371,NO
270,123,0.08763477896833007,NO
271,55,0.08329596217309033,NO
272,72,0.08329596217309033,NO
273,54,0.08329596217309033,NO
274,52,0.08329596217309033,NO
275,46,0.08329596217309033,NO
276,584,0.8336271089738759,NO
277,94,0.08329596217309033,NO
278,60,0.08329596217309033,NO
279,85,0.08329596217309033,NO
280,92,0.08329596217309033,NO
281,156,0.08763477896833007,NO
282,98,0.08329596217309033,NO
283,131,0.08763477896833007,NO
284,213,0.11608008611433902,NO
285,201,0.08861644662408423,NO
286,62,0.08423351445235812,NO
287,68,0.08329596217309033,NO
288,52,0.08329596217309033,NO
289,50,0.08329596217309033,NO
290,202,0.11483251703659864,NO
291,73,0.08329596217309033,NO
292,42,0.08329596217309033,NO
293,35,0.09895629902624371,NO
294,125,0.08763477896833007,NO
295,65,0.08329596217309033,NO
296,48,0.08329596217309033,NO
297,89,0.08329596217309033,NO
298,153,0.08861644662408423,NO
299,40,0.10005088076841734,NO
300,64,0.08329596217309033,NO
301,99,0.08329596217309033,NO
302,73,0.08329596217309033,NO
303,72,0.08329596217309033,NO
304,51,0.08329596217309033,NO
305,36,0.09895629902624371,NO
306,31,0.09895629902624371,NO
307,61,0.08329596217309033,NO
308,74,0.08329596217309033,NO
309,101,0.08329596217309033,NO
310,86,0.08329596217309033,NO
311,106,0.08329596217309033,NO
312,91,0.08329596217309033,NO
313,58,0.08329596217309033,NO
314,106,0.08329596217309033,NO
315,83,0.08329596217309033,NO
316,53,0.08329596217309033,NO
317,88,0.08329596217309033,NO
318,72,0.08329596217309033,NO
319,44,0.08329596217309033,NO
320,158,0.08763477896833007,NO
321,51,0.08329596217309033,NO
322,36,0.09895629902624371,NO
323,63,0.08329596217309033,NO
324,84,0.08329596217309033,NO
325,104,0.08329596217309033,NO
326,117,0.08423351445235812,NO
327,29,0.09895629902624371,NO
328,104,0.08329596217309033,NO
329,38,0.09895629902624371,NO
330,44,0.08329596217309033,NO
331,96,0.08329596217309033,NO
332,42,0.08329596217309033,NO
333,48,0.08329596217309033,NO
334,122,0.08763477896833007,NO
335,94,0.08329596217309033,NO
336,90,0.08329596217309033,NO
337,95,0.08329596217309033,NO
338,68,0.08329596217309033,NO
339,36,0.09895629902624371,NO
340,43,0.08329596217309033,NO
341,80,0.08423351445235812,NO
342,76,0.08423351445235812,NO
343,82,0.08423351445235812,NO
344,89,0.08423351445235812,NO
345,42,0.08329596217309033,NO
346,82,0.08329596217309033,NO
347,55,0.08329596217309033,NO
348,48,0.08329596217309033,NO
349,72,0.08329596217309033,NO
350,113,0.08329596217309033,NO
351,55,0.08329596217309033,NO
352,35,0.09895629902624371,NO
353,94,0.08329596217309033,NO
354,65,0.08329596217309033,NO
355,72,0.08329596217309033,NO
356,139,0.08763477896833007,NO
357,125,0.08763477896833007,NO
358,65,0.08329596217309033,NO
359,71,0.08329596217309033,NO
360,22,0.09895629902624371,NO
361,75,0.08329596217309033,NO
362,81,0.08329596217309033,NO
363,32,0.09895629902624371,NO
364,47,0.08329596217309033,NO
365,102,0.08423351445235812,NO
366,109,0.08329596217309033,NO
367,28,0.09895629902624371,NO
368,54,0.08329596217309033,NO
369,157,0.08763477896833007,NO
370,52,0.08329596217309033,NO
371,53,0.08329596217309033,NO
372,81,0.08329596217309033,NO
373,88,0.08423351445235812,NO
374,68,0.08423351445235812,NO
375,66,0.08329596217309033,NO
376,48,0.08329596217309033,NO
377,77,0.08329596217309033,NO
378,149,0.08763477896833007,NO
379,268,0.11483251703659864,NO
380,252,0.11483251703659864,NO
381,37,0.09895629902624371,NO
382,26,0.09895629902624371,NO
383,43,0.08329596217309033,NO
384,36,0.09895629902624371,NO
385,30,0.09895629902624371,NO
386,27,0.09895629902624371,NO
387,37,0.09895629902624371,NO
388,33,0.09895629902624371,NO
389,31,0.09895629902624371,NO
390,56,0.08329596217309033,NO
391,101,0.08329596217309033,NO
392,139,0.08763477896833007,NO
393,85,0.08329596217309033,NO
394,69,0.08329596217309033,NO
395,95,0.08329596217309033,NO
396,60,0.08329596217309033,NO
397,35,0.09895629902624371,NO
398,26,0.09895629902624371,NO
399,68,0.08329596217309033,NO
400,64,0.08329596217309033,NO
401,39,0.09895629902624371,NO
402,41,0.08329596217309033,NO
403,167,0.08763477896833007,NO
404,66,0.08329596217309033,NO
405,93,0.08329596217309033,NO
406,97,0.08329596217309033,NO
407,96,0.08329596217309033,NO
408,105,0.08329596217309033,NO
409,66,0.08329596217309033,NO
410,54,0.08329596217309033,NO
411,47,0.08329596217309033,NO
412,72,0.08329596217309033,NO
413,117,0.08329596217309033,NO
414,93,0.08329596217309033,NO
415,52,0.08329596217309033,NO
416,85,0.08329596217309033,NO
417,117,0.08329596217309033,NO
418,127,0.08763477896833007,NO
419,48,0.08329596217309033,NO
420,85,0.08329596217309033,NO
421,43,0.08329596217309033,NO
422,90,0.08329596217309033,NO
423,202,0.11483251703659864,NO
424,141,0.08763477896833007,YES
425,30,0.09895629902624371,NO
426,29,0.09895629902624371,NO
427,67,0.08329596217309033,YES
428,242,0.11483251703659864,NO
429,72,0.08329596217309033,NO
430,50,0.08329596217309033,NO
431,89,0.08329596217309033,NO
432,40,0.09895629902624371,NO
433,49,0.08329596217309033,NO
434,249,0.11483251703659864,YES
435,40,0.09895629902624371,NO
436,171,0.08763477896833007,NO
437,40,0.09895629902624371,NO
438,32,0.09895629902624371,NO
439,271,0.11483251703659864,NO
440,55,0.08329596217309033,NO
441,80,0.08329596217309033,NO
442,28,0.09895629902624371,NO
443,44,0.08329596217309033,NO
444,83,0.08329596217309033,NO
445,67,0.08329596217309033,NO
446,36,0.09895629902624371,NO
447,384,0.33050981721525724,YES
448,196,0.08763477896833007,NO
449,312,0.18292348336134154,NO
450,125,0.08763477896833007,NO
451,324,0.18292348336134154,YES
452,112,0.08329596217309033,NO
453,119,0.08329596217309033,NO
454,146,0.08763477896833007,NO
455,86,0.08329596217309033,NO
456,69,0.08329596217309033,NO
457,88,0.08329596217309033,NO
458,42,0.08329596217309033,NO
459,32,0.09895629902624371,NO
460,56,0.08329596217309033,NO
461,102,0.08329596217309033,NO
462,56,0.08329596217309033,NO
463,89,0.08329596217309033,NO
464,40,0.09895629902624371,NO
465,80,0.08329596217309033,NO
466,46,0.08329596217309033,NO
467,46,0.08329596217309033,NO
468,68,0.08329596217309033,YES
469,80,0.08329596217309033,NO
470,66,0.08329596217309033,NO
471,100,0.08329596217309033,NO
472,32,0.09895629902624371,NO
473,31,0.09895629902624371,NO
474,36,0.09895629902624371,NO
475,59,0.08329596217309033,NO
476,44,0.08329596217309033,NO
477,29,0.09895629902624371,NO
478,280,0.11483251703659864,NO
479,67,0.08329596217309033,NO
480,60,0.08329596217309033,NO
481,46,0.08329596217309033,NO
482,133,0.08763477896833007,NO
483,333,0.18292348336134154,NO
484,36,0.09895629902624371,NO
485,44,0.08329596217309033,NO
486,843,0.999022542709105,NO
487,26,0.09895629902624371,NO
488,70,0.08329596217309033,NO
489,213,0.11483251703659864,NO
490,192,0.08763477896833007,NO
491,555,0.8336271089738759,NO
492,46,0.08329596217309033,NO
493,31,0.09895629902624371,NO
494,83,0.08329596217309033,NO
495,71,0.08329596217309033,NO
496,83,0.08329596217309033,NO
497,40,0.09895629902624371,NO
498,32,0.09895629902624371,NO
499,57,0.08329596217309033,NO
500,97,0.08329596217309033,NO
501,64,0.08329596217309033,NO
502,94,0.08329596217309033,NO
503,45,0.08329596217309033,NO
504,98,0.08329596217309033,NO
505,46,0.08329596217309033,NO
506,46,0.08329596217309033,NO
507,76,0.08329596217309033,NO
508,68,0.08329596217309033,NO
509,531,0.8336271089738759,NO
510,232,0.11483251703659864,NO
511,275,0.11483251703659864,NO
512,284,0.18292348336134154,NO
513,186,0.08763477896833007,NO
514,48,0.08329596217309033,NO
515,79,0.08329596217309033,NO
516,188,0.08763477896833007,NO
517,396,0.33050981721525724,NO
518,204,0.11483251703659864,NO
519,759,0.9926893991513727,NO
520,124,0.08763477896833007,NO
521,223,0.11483251703659864,NO
522,70,0.08329596217309033,NO
523,342,0.18292348336134154,NO
524,143,0.08763477896833007,NO
525,81,0.08329596217309033,NO
526,132,0.08763477896833007,NO
527,162,0.08763477896833007,NO
528,85,0.08329596217309033,NO
529,454,0.581796142969237,NO
530,316,0.18292348336134154,NO
531,49,0.08329596217309033,NO
532,32,0.09895629902624371,NO
533,220,0.11483251703659864,NO
534,457,0.581796142969237,NO
535,198,0.08763477896833007,NO
536,67,0.08423351445235812,NO
537,106,0.08423351445235812,NO
538,83,0.08423351445235812,NO
539,111,0.08329596217309033,NO
540,42,0.08329596217309033,NO
541,73,0.08329596217309033,NO
542,235,0.11483251703659864,NO
543,75,0.08329596217309033,NO
544,43,0.08329596217309033,NO
545,33,0.09895629902624371,NO
546,66,0.08329596217309033,NO
547,99,0.08329596217309033,NO
548,40,0.09895629902624371,NO
549,160,0.08763477896833007,NO
550,40,0.09895629902624371,NO
551,32,0.09895629902624371,NO
552,71,0.08329596217309033,NO
553,59,0.08329596217309033,NO
554,94,0.08329596217309033,NO
555,69,0.08329596217309033,NO
556,46,0.08329596217309033,NO
557,48,0.08329596217309033,NO
558,58,0.08329596217309033,NO
559,219,0.11608008611433902,NO
560,58,0.08329596217309033,NO
561,382,0.33050981721525724,NO
562,27,0.09895629902624371,NO
563,129,0.08763477896833007,NO
564,40,0.09895629902624371,NO
565,38,0.09895629902624371,NO
566,409,0.33050981721525724,NO
567,88,0.08329596217309033,NO
568,62,0.08329596217309033,NO
569,55,0.08329596217309033,NO
570,47,0.08329596217309033,NO
571,131,0.08763477896833007,NO
572,116,0.08329596217309033,NO
573,58,0.08329596217309033,NO
574,74,0.08329596217309033,NO
575,220,0.11608008611433902,YES
576,48,0.08329596217309033,YES
577,32,0.09895629902624371,YES
578,34,0.09895629902624371,YES
579,52,0.08329596217309033,YES
580,49,0.08329596217309033,YES
581,26,0.09895629902624371,YES
582,146,0.08763477896833007,YES
583,42,0.08329596217309033,YES
584,28,0.09895629902624371,YES
585,521,0.581796142969237,YES
586,543,0.8336271089738759,YES
587,120,0.08329596217309033,YES
588,287,0.18292348336134154,YES
589,78,0.08329596217309033,YES
590,47,0.08329596217309033,YES
591,78,0.08329596217309033,YES
592,76,0.08329596217309033,YES
593,40,0.09895629902624371,YES
594,61,0.08329596217309033,YES
595,54,0.08329596217309033,YES
596,58,0.08329596217309033,YES
597,50,0.08329596217309033,YES
598,25,0.09895629902624371,NO
599,58,0.08329596217309033,YES
600,53,0.08329596217309033,YES
601,49,0.08329596217309033,YES
602,27,0.09895629902624371,NO
603,29,0.09895629902624371,NO
604,157,0.08763477896833007,YES
605,75,0.08329596217309033,YES
606,83,0.08329596217309033,YES
607,261,0.11483251703659864,YES
608,114,0.08329596217309033,YES
609,75,0.08329596217309033,YES
610,64,0.08329596217309033,YES
611,68,0.08329596217309033,NO
612,48,0.08329596217309033,NO
613,48,0.08329596217309033,NO
614,129,0.08763477896833007,YES
615,63,0.08329596217309033,YES
616,41,0.08329596217309033,YES
617,28,0.09895629902624371,YES
618,34,0.09895629902624371,YES
619,26,0.09895629902624371,YES
620,114,0.08329596217309033,NO
621,46,0.08329596217309033,NO
622,91,0.08329596217309033,YES
623,72,0.08329596217309033,YES
624,37,0.09895629902624371,YES
625,51,0.08329596217309033,YES
626,169,0.08763477896833007,YES
627,278,0.11483251703659864,YES
628,74,0.08329596217309033,YES
629,50,0.08329596217309033,NO
630,116,0.08329596217309033,YES
631,58,0.08329596217309033,YES
632,102,0.08329596217309033,NO
633,413,0.33050981721525724,NO
634,71,0.08329596217309033,NO
635,81,0.08329596217309033,NO
636,124,0.08763477896833007,NO
637,86,0.08329596217309033,NO
638,25,0.09895629902624371,NO
639,41,0.08329596217309033,NO
640,214,0.11483251703659864,NO
641,98,0.08329596217309033,YES
642,201,0.08763477896833007,NO
643,29,0.09895629902624371,NO
644,75,0.08329596217309033,NO
645,42,0.08329596217309033,NO
646,56,0.08329596217309033,NO
647,43,0.08329596217309033,NO
648,261,0.11483251703659864,YES
649,292,0.18292348336134154,YES
650,27,0.09895629902624371,NO
651,38,0.09895629902624371,NO
652,27,0.09895629902624371,NO
653,41,0.08329596217309033,NO
654,88,0.08329596217309033,NO
655,28,0.09895629902624371,NO
656,397,0.33050981721525724,YES
657,50,0.08329596217309033,NO
658,52,0.08329596217309033,YES
659,38,0.09895629902624371,NO
660,52,0.08329596217309033,NO
661,38,0.09895629902624371,NO
662,43,0.08329596217309033,NO
663,47,0.08329596217309033,NO
664,50,0.08329596217309033,YES
665,25,0.09895629902624371,NO
666,123,0.08763477896833007,NO
667,36,0.09895629902624371,NO
668,116,0.08329596217309033,NO
669,181,0.08861644662408423,YES
670,48,0.08329596217309033,NO
671,32,0.09895629902624371,NO
672,34,0.09895629902624371,NO
673,48,0.08329596217309033,NO
674,49,0.08329596217309033,NO
675,26,0.09895629902624371,NO
676,51,0.08329596217309033,NO
677,31,0.09895629902624371,NO
678,116,0.08329596217309033,NO
679,26,0.09895629902624371,NO
680,30,0.09895629902624371,NO
681,40,0.09895629902624371,NO
682,59,0.08329596217309033,NO
683,49,0.08329596217309033,NO
684,56,0.08329596217309033,NO
685,37,0.09895629902624371,NO
686,300,0.18292348336134154,NO
687,115,0.08329596217309033,NO
688,63,0.08329596217309033,NO
689,31,0.09895629902624371,NO
690,84,0.08329596217309033,NO
691,41,0.08329596217309033,NO
692,28,0.09895629902624371,NO
693,34,0.09895629902624371,NO
694,26,0.09895629902624371,NO
695,252,0.11483251703659864,YES
696,284,0.18292348336134154,NO
697,56,0.08329596217309033,NO
698,97,0.08329596217309033,YES
699,295,0.18292348336134154,NO
700,62,0.08329596217309033,NO
701,40,0.09895629902624371,NO
702,101,0.08329596217309033,NO
703,81,0.08329596217309033,YES
704,184,0.08763477896833007,YES
705,341,0.18292348336134154,YES
706,39,0.09895629902624371,NO
707,164,0.08763477896833007,NO
708,48,0.08329596217309033,NO
709,133,0.08763477896833007,NO
710,108,0.08329596217309033,NO
711,111,0.08329596217309033,NO
712,73,0.08329596217309033,NO
713,449,0.581796142969237,NO
714,84,0.08329596217309033,NO
715,38,0.09895629902624371,NO
716,95,0.08329596217309033,NO
717,118,0.08329596217309033,NO
718,48,0.08329596217309033,NO
719,57,0.08329596217309033,NO
720,58,0.08329596217309033,NO
721,79,0.08329596217309033,NO
722,60,0.08329596217309033,NO
723,56,0.08329596217309033,NO
724,119,0.08329596217309033,NO
725,81,0.08423351445235812,NO
726,87,0.08423351445235812,NO
727,103,0.08329596217309033,NO
728,38,0.09895629902624371,NO
729,46,0.08329596217309033,NO
730,46,0.08329596217309033,NO
731,44,0.08329596217309033,NO
732,46,0.08329596217309033,NO
733,31,0.09895629902624371,NO
734,64,0.08329596217309033,NO
735,54,0.08329596217309033,NO
736,47,0.08329596217309033,NO
737,196,0.08763477896833007,NO
738,134,0.08763477896833007,NO
739,42,0.08329596217309033,NO
740,40,0.09895629902624371,NO
741,34,0.09895629902624371,NO
742,36,0.09895629902624371,NO
743,41,0.08329596217309033,NO
744,44,0.08329596217309033,NO
745,37,0.09895629902624371,NO
746,105,0.08423351445235812,NO
747,334,0.18292348336134154,NO
748,67,0.08329596217309033,NO
749,88,0.08329596217309033,NO
750,64,0.08329596217309033,NO
751,34,0.09895629902624371,NO
752,37,0.09895629902624371,NO
753,71,0.08329596217309033,NO
754,262,0.11483251703659864,NO
755,97,0.08329596217309033,NO
756,35,0.09895629902624371,NO
757,85,0.08329596217309033,NO
758,153,0.08763477896833007,NO
759,119,0.08329596217309033,NO
760,39,0.09895629902624371,NO
761,185,0.08763477896833007,NO
762,120,0.08329596217309033,NO
763,178,0.08763477896833007,NO
764,153,0.08763477896833007,NO
765,89,0.08329596217309033,NO
766,51,0.08329596217309033,NO
767,36,0.09895629902624371,NO
768,105,0.08423351445235812,NO
769,45,0.08329596217309033,NO
770,156,0.08763477896833007,NO
771,38,0.09895629902624371,NO
772,25,0.09895629902624371,NO
773,55,0.08329596217309033,NO
774,154,0.08763477896833007,NO
775,218,0.11483251703659864,NO
776,117,0.08423351445235812,NO
777,148,0.08861644662408423,NO
778,137,0.08861644662408423,NO
779,133,0.08861644662408423,NO
780,131,0.08763477896833007,NO
781,176,0.08763477896833007,NO
782,69,0.08329596217309033,NO
783,53,0.08329596217309033,NO
784,45,0.08329596217309033,NO
785,75,0.08329596217309033,NO
786,71,0.08329596217309033,NO
787,32,0.09895629902624371,NO
788,43,0.08329596217309033,NO
789,29,0.09895629902624371,NO
790,24,0.09895629902624371,NO
791,41,0.08329596217309033,NO
792,326,0.18292348336134154,NO
793,110,0.08329596217309033,YES
794,120,0.08329596217309033,NO
795,137,0.08763477896833007,NO
796,95,0.08329596217309033,NO
797,96,0.08329596217309033,NO
798,56,0.08329596217309033,NO
799,40,0.09895629902624371,NO
800,350,0.18292348336134154,NO
801,112,0.08329596217309033,NO
802,71,0.08329596217309033,NO
803,93,0.08329596217309033,NO
804,381,0.33050981721525724,NO
805,115,0.08329596217309033,NO
806,69,0.08329596217309033,NO
807,98,0.08329596217309033,NO
808,79,0.08329596217309033,NO
809,56,0.08329596217309033,NO
810,62,0.08329596217309033,NO
811,207,0.11483251703659864,NO
812,156,0.08861644662408423,NO
813,59,0.08329596217309033,NO
814,30,0.09895629902624371,NO
815,57,0.08329596217309033,NO
816,182,0.08763477896833007,NO
817,160,0.08763477896833007,NO
818,32,0.09895629902624371,NO
819,24,0.09895629902624371,NO
820,50,0.08329596217309033,NO
821,50,0.08329596217309033,NO
822,63,0.08329596217309033,NO
823,116,0.08329596217309033,NO
824,182,0.08763477896833007,NO
825,69,0.08329596217309033,NO
826,27,0.09895629902624371,NO
827,67,0.08329596217309033,NO
828,44,0.08329596217309033,NO
829,33,0.09895629902624371,NO
830,158,0.08763477896833007,NO
831,91,0.08329596217309033,NO
832,51,0.08329596217309033,NO
833,98,0.08329596217309033,NO
834,67,0.08329596217309033,NO
835,102,0.08329596217309033,NO
836,83,0.08329596217309033,NO
837,88,0.08329596217309033,NO
838,39,0.09895629902624371,NO
839,30,0.09895629902624371,NO
840,170,0.08763477896833007,NO
841,157,0.08763477896833007,NO
842,167,0.08763477896833007,NO
843,154,0.08763477896833007,NO
844,22,0.09895629902624371,NO
845,110,0.08329596217309033,NO
846,91,0.08329596217309033,NO
847,37,0.09895629902624371,YES
848,54,0.08329596217309033,NO
849,85,0.08329596217309033,YES
850,27,0.09895629902624371,NO
851,97,0.08329596217309033,NO
852,187,0.08763477896833007,YES
853,99,0.08329596217309033,YES
854,71,0.08329596217309033,NO
855,66,0.08329596217309033,NO
856,118,0.08329596217309033,YES
857,378,0.33050981721525724,NO
858,72,0.08329596217309033,NO
859,89,0.08329596217309033,NO
860,304,0.18292348336134154,NO
861,2586,1.0,YES
862,60,0.08329596217309033,NO
863,32,0.09895629902624371,NO
864,202,0.11483251703659864,NO
865,36,0.09895629902624371,NO
866,31,0.09895629902624371,NO
867,834,0.999022542709105,NO
868,90,0.08329596217309033,NO
869,83,0.08329596217309033,NO
870,97,0.08329596217309033,NO
871,602,0.8336271089738759,NO
872,245,0.11483251703659864,NO
873,716,0.9926893991513727,NO
874,351,0.18292348336134154,NO
875,53,0.08329596217309033,NO
876,32,0.09895629902624371,NO
877,40,0.09895629902624371,NO
878,490,0.581796142969237,NO
879,409,0.33050981721525724,NO
880,50,0.08329596217309033,NO
881,288,0.18292348336134154,NO
882,131,0.08763477896833007,NO
883,201,0.08763477896833007,NO
884,268,0.11483251703659864,NO
885,26,0.09895629902624371,NO
886,22,0.09895629902624371,NO
887,238,0.11483251703659864,NO
888,350,0.18292348336134154,NO
889,158,0.08763477896833007,NO
890,428,0.33050981721525724,NO
891,595,0.8336271089738759,NO
892,35,0.09895629902624371,NO
893,24,0.09895629902624371,NO
894,25,0.09895629902624371,NO
895,119,0.08329596217309033,NO
896,153,0.08763477896833007,NO
897,51,0.08329596217309033,NO
898,51,0.08329596217309033,NO
899,41,0.08329596217309033,NO
900,22,0.09895629902624371,NO
901,244,0.11483251703659864,NO
902,24,0.09895629902624371,NO
903,27,0.09895629902624371,NO
904,44,0.08329596217309033,NO
905,219,0.11483251703659864,NO
906,198,0.08763477896833007,NO
907,266,0.11483251703659864,NO
908,37,0.09895629902624371,NO
909,28,0.09895629902624371,NO
910,724,0.9926893991513727,NO
911,36,0.09895629902624371,NO
912,252,0.11483251703659864,NO
913,36,0.09895629902624371,NO
914,40,0.09895629902624371,NO
915,133,0.08763477896833007,NO
916,348,0.18292348336134154,NO
917,369,0.33050981721525724,NO
918,30,0.09895629902624371,NO
919,40,0.09895629902624371,NO
920,35,0.09895629902624371,NO
921,80,0.08329596217309033,NO
922,126,0.08763477896833007,NO
923,89,0.08329596217309033,NO
924,54,0.08329596217309033,NO
925,36,0.09895629902624371,YES
926,52,0.08329596217309033,NO
927,65,0.08329596217309033,NO
928,86,0.08329596217309033,NO
929,116,0.08329596217309033,NO
930,61,0.08329596217309033,NO
931,76,0.08329596217309033,NO
932,216,0.11483251703659864,NO
933,270,0.11483251703659864,NO
934,81,0.08329596217309033,NO
935,72,0.08329596217309033,NO
936,223,0.11483251703659864,NO
937,79,0.08329596217309033,NO
938,118,0.08329596217309033,NO
939,75,0.08329596217309033,NO
940,130,0.08763477896833007,NO
941,81,0.08329596217309033,NO
942,36,0.09895629902624371,NO
943,76,0.08329596217309033,NO
944,213,0.11483251703659864,NO
945,26,0.09895629902624371,NO
946,135,0.08763477896833007,NO
947,71,0.08329596217309033,NO
948,209,0.11483251703659864,NO
949,189,0.08763477896833007,NO
950,66,0.08329596217309033,NO
951,188,0.08763477896833007,NO
952,69,0.08329596217309033,NO
953,65,0.08329596217309033,NO
954,108,0.08329596217309033,NO
955,46,0.08329596217309033,NO
956,53,0.08329596217309033,NO
957,447,0.581796142969237,NO
958,386,0.33050981721525724,NO
959,30,0.09895629902624371,NO
960,140,0.08763477896833007,NO
961,41,0.08329596217309033,NO
962,22,0.09895629902624371,NO
963,177,0.08763477896833007,NO
964,244,0.11483251703659864,NO
965,31,0.09895629902624371,NO
966,22,0.09895629902624371,NO
967,596,0.8336271089738759,NO
968,247,0.11483251703659864,NO
969,67,0.08329596217309033,NO
970,215,0.11483251703659864,NO
971,58,0.08329596217309033,NO
972,58,0.08329596217309033,NO
973,24,0.09895629902624371,NO
974,78,0.08329596217309033,NO
975,33,0.09895629902624371,NO
976,81,0.08329596217309033,NO
977,64,0.08329596217309033,NO
978,108,0.08329596217309033,NO
979,57,0.08329596217309033,NO
980,76,0.08329596217309033,NO
981,79,0.08329596217309033,NO
982,70,0.08329596217309033,NO
983,32,0.09895629902624371,NO
984,3805,1.0,NO
985,31,0.09895629902624371,NO
986,63,0.08329596217309033,NO
987,27,0.09895629902624371,NO
988,363,0.33050981721525724,NO
989,719,0.9926893991513727,NO
990,62,0.08329596217309033,NO
991,565,0.8336271089738759,NO
992,104,0.08329596217309033,NO
993,29,0.09895629902624371,NO
994,31,0.09895629902624371,NO
995,37,0.09895629902624371,NO
996,30,0.09895629902624371,NO
997,50,0.08329596217309033,NO
998,94,0.08329596217309033,NO
999,60,0.08329596217309033,NO
1000,358,0.18292348336134154,NO
1001,100,0.08329596217309033,NO
1002,60,0.08329596217309033,NO
1003,785,0.999022542709105,NO
1004,91,0.08329596217309033,NO
1005,359,0.18292348336134154,NO
1006,321,0.18292348336134154,NO
1007,22,0.09895629902624371,NO
1008,41,0.08329596217309033,NO
1009,87,0.08329596217309033,NO
1010,105,0.08329596217309033,NO
1011,156,0.08763477896833007,NO
1012,458,0.581796142969237,NO
1013,691,0.9926893991513727,NO
1014,61,0.08329596217309033,NO
1015,168,0.08763477896833007,NO
1016,33,0.09895629902624371,NO
1017,130,0.08763477896833007,NO
1018,286,0.18292348336134154,NO
1019,75,0.08329596217309033,NO
1020,93,0.08329596217309033,NO
1021,52,0.08329596217309033,NO
1022,393,0.33050981721525724,NO
1023,59,0.08329596217309033,NO
1024,137,0.08763477896833007,NO
1025,24,0.09895629902624371,NO
1026,100,0.08329596217309033,NO
1027,563,0.8336271089738759,NO
1028,114,0.08329596217309033,NO
1029,88,0.08329596217309033,NO
1030,31,0.09895629902624371,NO
1031,56,0.08329596217309033,NO
1032,90,0.08329596217309033,NO
1033,139,0.08763477896833007,NO
1034,171,0.08763477896833007,NO
1035,22,0.09895629902624371,NO
1036,76,0.08329596217309033,NO
1037,49,0.08329596217309033,NO
1038,257,0.11483251703659864,NO
1039,147,0.08763477896833007,NO
1040,626,0.9584523547831713,NO
1041,62,0.08329596217309033,NO
1042,405,0.33050981721525724,NO
1043,1158,0.999999974027646,NO
1044,405,0.33050981721525724,NO
1045,607,0.9584523547831713,NO
1046,513,0.581796142969237,NO
1047,703,0.9926893991513727,NO
1048,1389,0.9999999999992845,NO
1049,878,0.9998983761627094,NO
1050,767,0.999022542709105,NO
1051,1059,0.9999994762502875,NO
1052,751,0.9926893991513727,NO
1053,851,0.9998983761627094,NO
1054,462,0.581796142969237,NO
1055,2351,1.0,NO
1056,62,0.08329596217309033,NO
1057,457,0.581796142969237,NO
1058,68,0.08329596217309033,NO
1059,527,0.8336271089738759,NO
1060,506,0.581796142969237,NO
1061,505,0.581796142969237,NO
1062,1328,0.9999999999695491,NO
1063,3904,1.0,NO
1064,713,0.9926893991513727,NO
1065,525,0.8336271089738759,NO
1066,498,0.581796142969237,NO
1067,387,0.33050981721525724,NO
1068,914,0.9998983761627094,NO
1069,921,0.9998983761627094,NO
1070,421,0.33050981721525724,NO
1071,506,0.581796142969237,NO
1072,800,0.999022542709105,NO
1073,405,0.33050981721525724,NO
1074,405,0.33050981721525724,NO
1075,635,0.9584523547831713,NO
1076,640,0.9584523547831713,NO
1077,460,0.581796142969237,NO
1078,521,0.581796142969237,NO
1079,465,0.581796142969237,NO
1080,113,0.08329596217309033,NO
1081,405,0.33050981721525724,NO
1082,560,0.8336271089738759,NO
1083,631,0.9584523547831713,NO
1084,405,0.33050981721525724,NO
1085,405,0.33050981721525724,NO
1086,406,0.33050981721525724,NO
1087,457,0.581796142969237,NO
1088,470,0.581796142969237,NO
1089,405,0.33050981721525724,NO
1090,804,0.999022542709105,NO
1091,459,0.581796142969237,NO
1092,754,0.9926893991513727,NO
1093,555,0.8336271089738759,NO
1094,675,0.9584523547831713,NO
1095,470,0.581796142969237,NO
1096,474,0.581796142969237,NO
1097,835,0.999022542709105,NO
1098,65,0.08329596217309033,NO
1099,47241,0.5394643234684275,NO
1100,795,0.999022542709105,NO
1101,555,0.8336271089738759,NO
1102,405,0.33050981721525724,NO
1103,299,0.18292348336134154,NO
1104,65,0.08329596217309033,NO
1105,74,0.08329596217309033,NO
1106,630,0.9584523547831713,NO
1107,509,0.581796142969237,NO
1108,663,0.9584523547831713,NO
1109,566,0.8336271089738759,NO
1110,515,0.581796142969237,NO
1111,387,0.33050981721525724,NO
1112,406,0.33050981721525724,NO
1113,513,0.581796142969237,NO
1114,916,0.9998983761627094,NO
1115,513,0.581796142969237,NO
1116,1381,0.9999999999992845,NO
1117,1271,0.9999999999695491,NO
1118,553,0.8336271089738759,NO
1119,532,0.8336271089738759,NO
1120,1445,0.9999999999999858,NO
1121,623,0.9584523547831713,NO
1122,1264,0.9999999999695491,NO
1123,515,0.581796142969237,NO
1124,387,0.33050981721525724,NO
1125,460,0.581796142969237,NO
1126,2143,1.0,NO
1127,62,0.08329596217309033,NO
1128,2756,1.0,NO
1129,1093,0.999999974027646,NO
1130,68,0.08329596217309033,NO
1131,1900,1.0,NO
1132,604,0.9584523547831713,NO
1133,1879,1.0,NO
1134,43,0.08329596217309033,NO
1135,77,0.08329596217309033,NO
1136,24,0.09895629902624371,NO
1137,76,0.08329596217309033,NO
1138,64,0.08329596217309033,NO
1139,106,0.08329596217309033,NO
1140,63,0.08329596217309033,NO
1141,61,0.08329596217309033,NO
1142,51,0.08329596217309033,NO
1143,38,0.09895629902624371,NO
1144,44,0.08329596217309033,NO
1145,41,0.08329596217309033,NO
1146,40,0.09895629902624371,NO
1147,40,0.09895629902624371,NO
1148,40,0.09895629902624371,NO
1149,44,0.08329596217309033,NO
1150,39,0.09895629902624371,NO
1151,39,0.09895629902624371,NO
1152,436,0.33050981721525724,YES
1153,70,0.08329596217309033,NO
1154,146,0.08763477896833007,NO
1155,44,0.08329596217309033,NO
1156,130,0.08763477896833007,NO
1157,140,0.08763477896833007,NO
1158,101,0.08329596217309033,NO
1159,702,0.9926893991513727,NO
1160,56,0.08329596217309033,NO
1161,52,0.08329596217309033,NO
1162,49,0.08329596217309033,NO
1163,60,0.08329596217309033,NO
1164,63,0.08329596217309033,NO
1165,31,0.09895629902624371,NO
1166,59,0.08329596217309033,NO
1167,53,0.08329596217309033,NO
1168,57,0.08329596217309033,NO
1169,218,0.11483251703659864,NO
1170,612,0.9584523547831713,NO
1171,113,0.08329596217309033,NO
1172,75,0.08329596217309033,NO
1173,26,0.09895629902624371,NO
1174,28,0.09895629902624371,NO
1175,26,0.09895629902624371,NO
1176,26,0.09895629902624371,NO
1177,154,0.08763477896833007,NO
1178,202,0.11483251703659864,NO
1179,31,0.09895629902624371,NO
1180,209,0.11483251703659864,NO
1181,30,0.09895629902624371,NO
1182,133,0.08763477896833007,NO
1183,411,0.33050981721525724,NO
1184,118,0.08329596217309033,NO
1185,58,0.08329596217309033,NO
1186,144,0.08763477896833007,NO
1187,43,0.08329596217309033,NO
1188,56,0.08329596217309033,NO
1189,35,0.09895629902624371,NO
1190,114,0.08329596217309033,NO
1191,154,0.08763477896833007,NO
1192,31,0.09895629902624371,NO
1193,157,0.08763477896833007,NO
1194,30,0.09895629902624371,NO
1195,158,0.08763477896833007,NO
1196,83,0.08329596217309033,NO
1197,153,0.08763477896833007,NO
1198,68,0.08329596217309033,NO
1199,273,0.11483251703659864,NO
1200,90,0.08329596217309033,NO
1201,56,0.08329596217309033,NO
1202,74,0.08329596217309033,NO
1203,57,0.08329596217309033,NO
1204,89,0.08329596217309033,NO
1205,67,0.08329596217309033,NO
1206,122,0.08763477896833007,NO
1207,85,0.08329596217309033,NO
1208,118,0.08329596217309033,NO
1209,70,0.08329596217309033,NO
1210,86,0.08329596217309033,NO
1211,76,0.08329596217309033,NO
1212,146,0.08763477896833007,NO
1213,88,0.08329596217309033,NO
1214,160,0.08763477896833007,NO
1215,34,0.09895629902624371,NO
1216,38,0.09895629902624371,NO
1217,39,0.09895629902624371,NO
1218,43,0.08329596217309033,NO
1219,63,0.08329596217309033,NO
1220,23,0.09895629902624371,NO
1221,30,0.09895629902624371,NO
1222,81,0.08329596217309033,NO
1223,24,0.09895629902624371,NO
1224,22,0.09895629902624371,NO
1225,53,0.08329596217309033,NO
1226,45,0.08329596217309033,NO
1227,50,0.08329596217309033,NO
1228,38,0.09895629902624371,NO
1229,31,0.09895629902624371,NO
1230,30,0.09895629902624371,NO
1231,31,0.09895629902624371,NO
1232,37,0.09895629902624371,NO
1233,31,0.09895629902624371,NO
1234,32,0.09895629902624371,NO
1235,70,0.08329596217309033,NO
1236,52,0.08329596217309033,NO
1237,39,0.09895629902624371,NO
1238,39,0.09895629902624371,NO
1239,114,0.08329596217309033,NO
1240,110,0.08329596217309033,NO
1241,26,0.09895629902624371,NO
1242,211,0.11483251703659864,NO
1243,262,0.11483251703659864,NO
1244,27,0.09895629902624371,NO
1245,112,0.08329596217309033,NO
1246,109,0.08329596217309033,NO
1247,139,0.08763477896833007,NO
1248,79,0.08329596217309033,NO
1249,79,0.08329596217309033,NO
1250,82,0.08329596217309033,NO
1251,203,0.11483251703659864,NO
1252,40,0.09895629902624371,NO
1253,184,0.08763477896833007,NO
1254,50,0.08329596217309033,NO
1255,96,0.08329596217309033,NO
1256,49,0.08329596217309033,NO
1257,52,0.08329596217309033,NO
1258,31,0.09895629902624371,NO
1259,72,0.08329596217309033,NO
1260,43,0.08329596217309033,NO
1261,28,0.09895629902624371,NO
1262,120,0.08329596217309033,NO
1263,25,0.09895629902624371,NO
1264,218,0.11483251703659864,NO
1265,274,0.11483251703659864,NO
1266,80,0.08329596217309033,NO
1267,113,0.08329596217309033,NO
1268,24,0.09895629902624371,NO
1269,168,0.08763477896833007,NO
1270,69,0.08329596217309033,NO
1271,110,0.08329596217309033,NO
1272,97,0.08329596217309033,NO
1273,99,0.08329596217309033,NO
1274,25,0.09895629902624371,NO
1275,25,0.09895629902624371,NO
1276,33,0.09895629902624371,NO
1277,855,0.9998983761627094,NO
1278,111,0.08329596217309033,NO
1279,171,0.08763477896833007,NO
1280,54,0.08329596217309033,NO
1281,49,0.08329596217309033,NO
1282,40,0.09895629902624371,NO
1283,45,0.08329596217309033,NO
1284,425,0.33050981721525724,NO
1285,61,0.08329596217309033,NO
1286,135,0.08763477896833007,NO
1287,138,0.08763477896833007,NO
1288,87,0.08329596217309033,NO
1289,516,0.581796142969237,NO
1290,81,0.08329596217309033,NO
1291,219,0.11483251703659864,NO
1292,125,0.08763477896833007,NO
1293,371,0.33050981721525724,NO
1294,98,0.08329596217309033,NO
1295,340,0.18292348336134154,NO
1296,296,0.18292348336134154,NO
1297,54,0.08329596217309033,NO
1298,529,0.8336271089738759,NO
1299,138,0.08763477896833007,NO
1300,435,0.33050981721525724,NO
1301,206,0.11483251703659864,NO
1302,116,0.08329596217309033,NO
1303,56,0.08329596217309033,NO
1304,40,0.09895629902624371,NO
1305,350,0.18292348336134154,NO
1306,126,0.08763477896833007,NO
1307,42,0.08329596217309033,NO
1308,80,0.08329596217309033,NO
1309,36,0.09895629902624371,NO
1310,757,0.9926893991513727,NO
1311,47,0.08329596217309033,NO
1312,47,0.08329596217309033,NO
1313,76,0.08329596217309033,NO
1314,94,0.08329596217309033,NO
1315,419,0.33050981721525724,NO
1316,161,0.08763477896833007,NO
1317,96,0.08329596217309033,NO
1318,42,0.08329596217309033,NO
1319,53,0.08329596217309033,NO
1320,55,0.08329596217309033,NO
1321,40,0.09895629902624371,NO
1322,42,0.08329596217309033,NO
1323,48,0.08329596217309033,NO
1324,41,0.08329596217309033,NO
1325,57,0.08329596217309033,NO
1326,45,0.08329596217309033,NO
1327,29,0.09895629902624371,NO
1328,152,0.08763477896833007,NO
1329,180,0.08763477896833007,NO
1330,99,0.08329596217309033,NO
1331,163,0.08763477896833007,NO
1332,53,0.08329596217309033,NO
1333,82,0.08329596217309033,NO
1334,124,0.08763477896833007,NO
1335,86,0.08329596217309033,NO
1336,78,0.08329596217309033,NO
1337,63,0.08329596217309033,NO
1338,177,0.08763477896833007,NO
1339,47,0.08329596217309033,NO
1340,172,0.08763477896833007,NO
1341,47,0.08329596217309033,NO
1342,173,0.08763477896833007,NO
1343,60,0.08329596217309033,NO
1344,58,0.08329596217309033,NO
1345,68,0.08329596217309033,NO
1346,85,0.08329596217309033,NO
1347,269,0.11483251703659864,NO
1348,112,0.08329596217309033,NO
1349,44,0.08329596217309033,NO
1350,104,0.08329596217309033,NO
1351,262,0.11483251703659864,NO
1352,54,0.08329596217309033,NO
1353,96,0.08329596217309033,NO
1354,31,0.09895629902624371,NO
1355,71,0.08329596217309033,NO
1356,55,0.08329596217309033,NO
1357,158,0.08763477896833007,NO
1358,92,0.08329596217309033,NO
1359,64,0.08329596217309033,NO
1360,58,0.08329596217309033,NO
1361,65,0.08329596217309033,NO
1362,64,0.08329596217309033,NO
1363,64,0.08329596217309033,NO
1364,56,0.08329596217309033,NO
1365,23,0.09895629902624371,NO
1366,40,0.09895629902624371,NO
1367,24,0.09895629902624371,NO
1368,26,0.09895629902624371,NO
1369,56,0.08329596217309033,NO
1370,60,0.08329596217309033,NO
1371,50,0.08329596217309033,NO
1372,58,0.08329596217309033,NO
1373,61,0.08329596217309033,NO
1374,35,0.09895629902624371,NO
1375,240,0.11483251703659864,NO
1376,52,0.08329596217309033,NO
1377,32,0.09895629902624371,NO
1378,32,0.09895629902624371,NO
1379,32,0.09895629902624371,NO
1380,32,0.09895629902624371,NO
1381,172,0.08763477896833007,NO
1382,232,0.11483251703659864,NO
1383,23,0.09895629902624371,NO
1384,24,0.09895629902624371,NO
1385,105,0.08329596217309033,NO
1386,31,0.09895629902624371,NO
1387,34,0.09895629902624371,NO
1388,29,0.09895629902624371,NO
1389,31,0.09895629902624371,NO
1390,40,0.09895629902624371,NO
1391,37,0.09895629902624371,NO
1392,29,0.09895629902624371,NO
1393,42,0.08329596217309033,NO
1394,327,0.18292348336134154,NO
1395,41,0.08329596217309033,NO
1396,143,0.08763477896833007,NO
1397,77,0.08329596217309033,NO
1398,29,0.09895629902624371,NO
1399,22,0.09895629902624371,NO
1400,25,0.09895629902624371,NO
1401,24,0.09895629902624371,NO
1402,126,0.08763477896833007,NO
1403,43,0.08329596217309033,NO
1404,58,0.08329596217309033,NO
1405,30,0.09895629902624371,NO
1406,55,0.08329596217309033,NO
1407,69,0.08329596217309033,NO
1408,38,0.09895629902624371,NO
1409,28,0.09895629902624371,NO
1410,30,0.09895629902624371,NO
1411,106,0.08329596217309033,NO
1412,115,0.08329596217309033,NO
1413,76,0.08329596217309033,NO
1414,2612,1.0,NO
1415,41,0.08329596217309033,NO
1416,100,0.08329596217309033,NO
1417,170,0.08763477896833007,NO
1418,103,0.08329596217309033,NO
1419,525,0.8336271089738759,NO
1420,37,0.09895629902624371,NO
1421,70,0.08329596217309033,NO
1422,348,0.18292348336134154,NO
1423,83,0.08329596217309033,NO
1424,64,0.08329596217309033,NO
1425,44,0.08329596217309033,NO
1426,48,0.08329596217309033,NO
1427,116,0.08329596217309033,NO
1428,515,0.581796142969237,NO
1429,38,0.09895629902624371,NO
1430,602,0.8336271089738759,NO
1431,43,0.08329596217309033,NO
1432,69,0.08329596217309033,NO
1433,29,0.09895629902624371,NO
1434,55,0.08329596217309033,NO
1435,39,0.09895629902624371,NO
1436,137,0.08763477896833007,NO
1437,37,0.09895629902624371,NO
1438,97,0.08329596217309033,NO
1439,32,0.09895629902624371,NO
1440,27,0.09895629902624371,NO
1441,34,0.09895629902624371,NO
1442,31,0.09895629902624371,NO
1443,26,0.09895629902624371,NO
1444,30,0.09895629902624371,NO
1445,30,0.09895629902624371,NO
1446,40,0.09895629902624371,NO
1447,33,0.09895629902624371,NO
1448,30,0.09895629902624371,NO
1449,35,0.09895629902624371,NO
1450,67,0.08329596217309033,NO
1451,36,0.09895629902624371,NO
1452,47,0.08329596217309033,NO
1453,45,0.08329596217309033,NO
1454,51,0.08329596217309033,NO
1455,30,0.09895629902624371,NO
1456,174,0.08763477896833007,NO
1457,45,0.08329596217309033,NO
1458,48,0.08329596217309033,NO
1459,78,0.08329596217309033,NO
1460,69,0.08329596217309033,NO
1461,109,0.08329596217309033,NO
1462,25,0.09895629902624371,NO
1463,41,0.08329596217309033,NO
1464,66,0.08329596217309033,NO
1465,155,0.08763477896833007,NO
1466,35,0.09895629902624371,NO
1467,35,0.09895629902624371,NO
1468,36,0.09895629902624371,NO
1469,33,0.09895629902624371,NO
1470,102,0.08329596217309033,NO
1471,152,0.08763477896833007,NO
1472,33,0.09895629902624371,NO
1473,34,0.09895629902624371,NO
1474,54,0.08329596217309033,NO
1475,47,0.08329596217309033,NO
1476,34,0.09895629902624371,NO
1477,54,0.08329596217309033,NO
1478,62,0.08329596217309033,NO
1479,52,0.08329596217309033,NO
1480,43,0.08329596217309033,NO
1481,48,0.08329596217309033,NO
1482,36,0.09895629902624371,NO
1483,49,0.08329596217309033,NO
1484,112,0.08329596217309033,NO
1485,70,0.08329596217309033,NO
1486,76,0.08329596217309033,NO
1487,82,0.08329596217309033,NO
1488,89,0.08329596217309033,NO
1489,94,0.08329596217309033,NO
1490,100,0.08329596217309033,NO
1491,106,0.08329596217309033,NO
1492,64,0.08329596217309033,NO
1493,151,0.08763477896833007,NO
1494,119,0.08329596217309033,NO
1495,70,0.08329596217309033,NO
1496,202,0.11483251703659864,NO
1497,84,0.08329596217309033,NO
1498,22,0.09895629902624371,NO
1499,31,0.09895629902624371,NO
1500,33,0.09895629902624371,NO
1501,236,0.11483251703659864,NO
1502,435,0.33050981721525724,NO
1503,402,0.33050981721525724,NO
1504,106,0.08329596217309033,NO
1505,25,0.09895629902624371,NO
1506,52,0.08329596217309033,NO
1507,52,0.08329596217309033,NO
1508,65,0.08329596217309033,NO
1509,72,0.08329596217309033,NO
1510,39,0.09895629902624371,NO
1511,48,0.08329596217309033,NO
1512,42,0.08329596217309033,NO
1513,39,0.09895629902624371,NO
1514,103,0.08329596217309033,NO
1515,55,0.08329596217309033,NO
1516,57,0.08329596217309033,NO
1517,107,0.08329596217309033,NO
1518,42,0.08329596217309033,NO
1519,184,0.08763477896833007,NO
1520,100,0.08329596217309033,NO
1521,42,0.08329596217309033,NO
1522,59,0.08329596217309033,NO
1523,38,0.09895629902624371,NO
1524,61,0.08329596217309033,NO
1525,24,0.09895629902624371,NO
1526,61,0.08329596217309033,NO
1527,180,0.08763477896833007,NO
1528,38,0.09895629902624371,NO
1529,69,0.08329596217309033,NO
1530,58,0.08329596217309033,NO
1531,79,0.08329596217309033,NO
1532,68,0.08329596217309033,NO
1533,48,0.08329596217309033,NO
1534,51,0.08329596217309033,NO
1535,186,0.08763477896833007,NO
1536,52,0.08329596217309033,NO
1537,53,0.08329596217309033,NO
1538,56,0.08329596217309033,NO
1539,37,0.09895629902624371,NO
1540,111,0.08329596217309033,NO
1541,63,0.08329596217309033,NO
1542,62,0.08329596217309033,NO
1543,144,0.08763477896833007,NO
1544,76,0.08329596217309033,NO
1545,60,0.08329596217309033,NO
1546,43,0.08329596217309033,NO
1547,31,0.09895629902624371,NO
1548,45,0.08329596217309033,NO
1549,85,0.08329596217309033,NO
1550,37,0.09895629902624371,NO
1551,27,0.09895629902624371,NO
1552,65,0.08329596217309033,NO
1553,86,0.08329596217309033,NO
1554,69,0.08329596217309033,NO
1555,135,0.08763477896833007,NO
1556,83,0.08329596217309033,NO
1557,31,0.09895629902624371,NO
1558,31,0.09895629902624371,NO
1559,31,0.09895629902624371,NO
1560,84,0.08329596217309033,NO
1561,209,0.11483251703659864,NO
1562,67,0.08329596217309033,NO
1563,72,0.08329596217309033,NO
1564,26,0.09895629902624371,NO
1565,103,0.08329596217309033,NO
1566,29,0.09895629902624371,NO
1567,184,0.08763477896833007,NO
1568,36,0.09895629902624371,NO
1569,33,0.09895629902624371,NO
1570,29,0.09895629902624371,NO
1571,44,0.08329596217309033,NO
1572,29,0.09895629902624371,NO
1573,29,0.09895629902624371,NO
1574,25,0.09895629902624371,NO
1575,48,0.08329596217309033,NO
1576,56,0.08329596217309033,NO
1577,26,0.09895629902624371,NO
1578,51,0.08329596217309033,NO
1579,184,0.08763477896833007,NO
1580,32,0.09895629902624371,NO
1581,53,0.08329596217309033,NO
1582,36,0.09895629902624371,NO
1583,28,0.09895629902624371,NO
1584,22,0.09895629902624371,NO
1585,193,0.08763477896833007,NO
1586,372,0.33050981721525724,NO
1587,588,0.8336271089738759,NO
1588,48,0.08329596217309033,NO
1589,363,0.33050981721525724,NO
1590,33,0.09895629902624371,NO
1591,24,0.09895629902624371,NO
1592,28,0.09895629902624371,NO
1593,25,0.09895629902624371,NO
1594,25,0.09895629902624371,NO
1595,26,0.09895629902624371,NO
1596,46,0.08329596217309033,NO
1597,64,0.08329596217309033,NO
1598,168,0.08763477896833007,NO
1599,60,0.08423351445235812,NO
1600,24,0.09895629902624371,NO
1601,24,0.09895629902624371,NO
1602,365,0.33050981721525724,NO
1603,26,0.09895629902624371,NO
1604,31,0.09895629902624371,NO
1605,94,0.08329596217309033,NO
1606,61,0.08329596217309033,NO
1607,96,0.08329596217309033,NO
1608,212,0.11483251703659864,NO
1609,521,0.581796142969237,NO
1610,56,0.08329596217309033,NO
1611,69,0.08329596217309033,NO
1612,160,0.08763477896833007,NO
1613,142,0.08763477896833007,NO
1614,149,0.08763477896833007,NO
1615,47,0.08329596217309033,NO
1616,173,0.08763477896833007,NO
1617,33,0.09895629902624371,NO
1618,30,0.09895629902624371,NO
1619,897,0.9998983761627094,NO
1620,59,0.08329596217309033,NO
1621,986,0.9999917472275149,NO
1622,128,0.08763477896833007,NO
1623,183,0.08763477896833007,NO
1624,32,0.09895629902624371,NO
1625,32,0.09895629902624371,NO
1626,26,0.09895629902624371,NO
1627,174,0.08763477896833007,NO
1628,31,0.09895629902624371,NO
1629,24,0.09895629902624371,NO
1630,38,0.09895629902624371,NO
1631,119,0.08329596217309033,NO
1632,150,0.08763477896833007,NO
1633,26,0.09895629902624371,NO
1634,45,0.08329596217309033,NO
1635,23,0.09895629902624371,NO
1636,23,0.09895629902624371,NO
1637,23,0.09895629902624371,NO
1638,33,0.09895629902624371,NO
1639,47,0.08329596217309033,NO
1640,29,0.09895629902624371,NO
1641,35,0.09895629902624371,NO
1642,68,0.08329596217309033,NO
1643,22,0.09895629902624371,NO
1644,48,0.08329596217309033,NO
1645,37,0.09895629902624371,NO
1646,92,0.08329596217309033,NO
1647,31,0.09895629902624371,NO
1648,32,0.09895629902624371,NO
1649,36,0.09895629902624371,NO
1650,31,0.09895629902624371,NO
1651,46,0.08329596217309033,NO
1652,24,0.09895629902624371,NO
1653,24,0.09895629902624371,NO
1654,26,0.09895629902624371,NO
1655,52,0.08329596217309033,NO
1656,36,0.09895629902624371,NO
1657,65,0.08329596217309033,NO
1658,91,0.08329596217309033,NO
1659,41,0.08329596217309033,NO
1660,62,0.08329596217309033,NO
1661,38,0.09895629902624371,NO
1662,35,0.09895629902624371,NO
1663,130,0.08763477896833007,NO
1664,38,0.09895629902624371,NO
1665,37,0.09895629902624371,NO
1666,51,0.08329596217309033,NO
1667,36,0.09895629902624371,NO
1668,51,0.08329596217309033,NO
1669,76,0.08329596217309033,NO
1670,44,0.08329596217309033,NO
1671,42,0.08329596217309033,NO
1672,46,0.08329596217309033,NO
1673,42,0.08329596217309033,NO
1674,113,0.08329596217309033,NO
1675,53,0.08329596217309033,NO
1676,56,0.08329596217309033,NO
1677,61,0.08329596217309033,NO
1678,49,0.08329596217309033,NO
1679,38,0.09895629902624371,NO
1680,53,0.08329596217309033,NO
1681,64,0.08329596217309033,NO
1682,29,0.09895629902624371,NO
1683,48,0.08329596217309033,NO
1684,96,0.08329596217309033,NO
1685,95,0.08329596217309033,NO
1686,51,0.08329596217309033,NO
1687,29,0.09895629902624371,NO
1688,39,0.09895629902624371,NO
1689,142,0.08763477896833007,NO
1690,62,0.08329596217309033,NO
1691,175,0.08763477896833007,NO
1692,53,0.08329596217309033,NO
1693,56,0.08329596217309033,NO
1694,27,0.09895629902624371,NO
1695,95,0.08329596217309033,NO
1696,40,0.09895629902624371,NO
1697,42,0.08329596217309033,NO
1698,59,0.08329596217309033,NO
1699,55,0.08329596217309033,NO
1700,38,0.09895629902624371,NO
1701,69,0.08329596217309033,NO
1702,31,0.09895629902624371,NO
1703,50,0.08329596217309033,NO
1704,29,0.09895629902624371,NO
1705,38,0.09895629902624371,NO
1706,39,0.09895629902624371,NO
1707,246,0.11483251703659864,NO
1708,40,0.09895629902624371,NO
1709,27,0.09895629902624371,NO
1710,84,0.08329596217309033,NO
1711,62,0.08329596217309033,NO
1712,80,0.08329596217309033,NO
1713,59,0.08329596217309033,NO
1714,87,0.08329596217309033,NO
1715,93,0.08329596217309033,NO
1716,107,0.08329596217309033,NO
1717,73,0.08329596217309033,NO
1718,107,0.08329596217309033,NO
1719,76,0.08329596217309033,NO
1720,92,0.08329596217309033,NO
1721,24,0.09895629902624371,NO
1722,33,0.09895629902624371,NO
1723,31,0.09895629902624371,NO
1724,87,0.08329596217309033,NO
1725,77,0.08329596217309033,NO
1726,25,0.09895629902624371,NO
1727,26,0.09895629902624371,NO
1728,125,0.08763477896833007,NO
1729,234,0.11483251703659864,NO
1730,188,0.08763477896833007,NO
1731,204,0.11483251703659864,NO
1732,49,0.08329596217309033,NO
1733,38,0.09895629902624371,NO
1734,182,0.08763477896833007,NO
1735,94,0.08329596217309033,NO
1736,138,0.08763477896833007,NO
1737,25,0.09895629902624371,NO
1738,25,0.09895629902624371,NO
1739,45,0.08329596217309033,NO
1740,26,0.09895629902624371,NO
1741,45,0.08329596217309033,NO
1742,52,0.08329596217309033,NO
1743,50,0.08329596217309033,NO
1744,75,0.08329596217309033,NO
1745,28,0.09895629902624371,NO
1746,31,0.09895629902624371,NO
1747,41,0.08329596217309033,NO
1748,26,0.09895629902624371,NO
1749,39,0.09895629902624371,NO
1750,26,0.09895629902624371,NO
1751,30,0.09895629902624371,NO
1752,25,0.09895629902624371,NO
1753,33,0.09895629902624371,NO
1754,44,0.08329596217309033,NO
1755,23,0.09895629902624371,NO
1756,80,0.08329596217309033,NO
1757,78,0.08329596217309033,NO
1758,26,0.09895629902624371,NO
1759,84,0.08329596217309033,NO
1760,91,0.08329596217309033,NO
1761,26,0.09895629902624371,NO
1762,85,0.08329596217309033,NO
1763,67,0.08329596217309033,NO
1764,124,0.08763477896833007,NO
1765,26,0.09895629902624371,NO
1766,25,0.09895629902624371,NO
1767,76,0.08329596217309033,NO
1768,109,0.08329596217309033,NO
1769,24,0.09895629902624371,NO
1770,27,0.09895629902624371,NO
1771,47,0.08329596217309033,NO
1772,185,0.08763477896833007,NO
1773,96,0.08329596217309033,NO
1774,97,0.08329596217309033,NO
1775,23,0.09895629902624371,NO
1776,154,0.08763477896833007,NO
1777,47,0.08329596217309033,NO
1778,176,0.08763477896833007,NO
1779,36,0.09895629902624371,NO
1780,32,0.09895629902624371,NO
1781,30,0.09895629902624371,NO
1782,41,0.08329596217309033,NO
1783,33,0.09895629902624371,NO
1784,32,0.09895629902624371,NO
1785,316,0.18292348336134154,NO
1786,66,0.08329596217309033,NO
1787,439,0.33050981721525724,NO
1788,751,0.9926893991513727,NO
1789,186,0.08763477896833007,NO
1790,47,0.08329596217309033,NO
1791,191,0.08763477896833007,NO
1792,92,0.08329596217309033,NO
1793,60,0.08329596217309033,NO
1794,34,0.09895629902624371,NO
1795,361,0.18292348336134154,NO
1796,60,0.08329596217309033,NO
1797,28,0.09895629902624371,NO
1798,50,0.08329596217309033,NO
1799,35,0.09895629902624371,NO
1800,117,0.08329596217309033,NO
1801,238,0.11483251703659864,NO
1802,59,0.08329596217309033,NO
1803,72,0.08329596217309033,NO
1804,200,0.08763477896833007,NO
1805,44,0.08329596217309033,NO
1806,217,0.11483251703659864,NO
1807,42,0.08329596217309033,NO
1808,87,0.08329596217309033,NO
1809,265,0.11483251703659864,NO
1810,52,0.08329596217309033,NO
1811,40,0.09895629902624371,NO
1812,81,0.08329596217309033,NO
1813,79,0.08329596217309033,NO
1814,40,0.09895629902624371,NO
1815,48,0.08329596217309033,NO
1816,43,0.08329596217309033,NO
1817,44,0.08329596217309033,NO
1818,43,0.08329596217309033,NO
1819,42,0.08329596217309033,NO
1820,57,0.08329596217309033,NO
1821,32,0.09895629902624371,NO
1822,59,0.08329596217309033,NO
1823,60,0.08329596217309033,NO
1824,60,0.08329596217309033,NO
1825,60,0.08329596217309033,NO
1826,45,0.08329596217309033,NO
1827,48,0.08329596217309033,NO
1828,142,0.08763477896833007,YES
1829,214,0.11483251703659864,NO
1830,94,0.08329596217309033,NO
1831,68,0.08329596217309033,NO
1832,356,0.18292348336134154,NO
1833,37,0.09895629902624371,NO
1834,63,0.08329596217309033,NO
1835,24,0.09895629902624371,NO
1836,37,0.09895629902624371,NO
1837,284,0.18292348336134154,NO
1838,92,0.08329596217309033,NO
1839,54,0.08329596217309033,NO
1840,54,0.08329596217309033,NO
1841,44,0.08329596217309033,NO
1842,35,0.09895629902624371,NO
1843,536,0.8336271089738759,NO
1844,66,0.08329596217309033,NO
1845,27,0.09895629902624371,NO
1846,589,0.8336271089738759,NO
1847,67,0.08329596217309033,NO
1848,27,0.09895629902624371,NO
1849,177,0.08763477896833007,NO
1850,100,0.08329596217309033,NO
1851,68,0.08329596217309033,NO
1852,156,0.08763477896833007,NO
1853,277,0.11483251703659864,NO
1854,252,0.11483251703659864,NO
1855,43,0.08329596217309033,NO
1856,43,0.08329596217309033,NO
1857,38,0.09895629902624371,NO
1858,139,0.08763477896833007,NO
1859,41,0.08329596217309033,NO
1860,62,0.08329596217309033,NO
1861,128,0.08763477896833007,NO
1862,47,0.08329596217309033,NO
1863,121,0.08763477896833007,NO
1864,215,0.11483251703659864,NO
1865,505,0.581796142969237,NO
1866,79,0.08329596217309033,NO
1867,43,0.08329596217309033,NO
1868,44,0.08329596217309033,NO
1869,70,0.08329596217309033,NO
1870,235,0.11483251703659864,NO
1871,125,0.08763477896833007,NO
1872,195,0.08763477896833007,NO
1873,140,0.08763477896833007,NO
1874,67,0.08329596217309033,NO
1875,2320,1.0,NO
1876,131,0.08763477896833007,NO
1877,188,0.08763477896833007,NO
1878,51,0.08329596217309033,NO
1879,26,0.09895629902624371,NO
1880,80,0.08329596217309033,NO
1881,375,0.33050981721525724,NO
1882,53,0.08329596217309033,NO
1883,84,0.08329596217309033,NO
1884,716,0.9926893991513727,NO
1885,217,0.11483251703659864,NO
1886,175,0.08763477896833007,NO
1887,81,0.08329596217309033,NO
1888,76,0.08329596217309033,NO
1889,53,0.08329596217309033,NO
1890,49,0.08329596217309033,NO
1891,51,0.08329596217309033,NO
1892,47,0.08329596217309033,NO
1893,82,0.08329596217309033,NO
1894,72,0.08329596217309033,NO
1895,132,0.08763477896833007,NO
1896,35,0.09895629902624371,NO
1897,31,0.09895629902624371,NO
1898,49,0.08329596217309033,NO
1899,26,0.09895629902624371,NO
1900,93,0.08329596217309033,NO
1901,38,0.09895629902624371,NO
1902,121,0.08763477896833007,NO
1903,68,0.08329596217309033,NO
1904,91,0.08329596217309033,NO
1905,77,0.08329596217309033,NO
1906,126,0.08763477896833007,NO
1907,55,0.08329596217309033,NO
1908,43,0.08329596217309033,NO
1909,289,0.18292348336134154,NO
1910,124,0.08763477896833007,NO
1911,43,0.08329596217309033,NO
1912,41,0.08329596217309033,NO
1913,545,0.8336271089738759,NO
1914,68,0.08329596217309033,NO
1915,75,0.08329596217309033,NO
1916,155,0.08763477896833007,NO
1917,242,0.11483251703659864,NO
1918,129,0.08763477896833007,NO
1919,781,0.999022542709105,YES
1920,102,0.08329596217309033,NO
1921,469,0.581796142969237,NO
1922,137,0.08763477896833007,NO
1923,179,0.08763477896833007,NO
1924,357,0.18292348336134154,NO
1925,115,0.08329596217309033,NO
1926,41,0.08329596217309033,NO
1927,54,0.08329596217309033,NO
1928,81,0.08329596217309033,NO
1929,252,0.11483251703659864,NO
1930,485,0.581796142969237,NO
1931,269,0.11483251703659864,NO
1932,498,0.581796142969237,NO
1933,202,0.11483251703659864,NO
1934,39,0.09895629902624371,NO
1935,72,0.08329596217309033,NO
1936,297,0.18292348336134154,NO
1937,74,0.08329596217309033,NO
1938,66,0.08329596217309033,NO
1939,147,0.08763477896833007,NO
1940,187,0.08763477896833007,NO
1941,85,0.08329596217309033,NO
1942,74,0.08329596217309033,NO
1943,672,0.9584523547831713,NO
1944,133,0.08763477896833007,NO
1945,88,0.08329596217309033,NO
1946,95,0.08329596217309033,NO
1947,86,0.08329596217309033,NO
1948,83,0.08329596217309033,NO
1949,94,0.08329596217309033,NO
1950,109,0.08329596217309033,NO
1951,53,0.08329596217309033,NO
1952,132,0.08763477896833007,NO
1953,1366,0.9999999999992845,NO
1954,111,0.08329596217309033,NO
1955,369,0.33050981721525724,NO
1956,751,0.9926893991513727,NO
1957,331,0.18292348336134154,NO
1958,240,0.11483251703659864,NO
1959,82,0.08329596217309033,NO
1960,136,0.08763477896833007,NO
1961,90,0.08329596217309033,NO
1962,87,0.08329596217309033,NO
1963,49,0.08329596217309033,NO
1964,68,0.08329596217309033,NO
1965,38,0.09895629902624371,NO
1966,163,0.08763477896833007,NO
1967,86,0.08329596217309033,NO
1968,82,0.08329596217309033,NO
1969,71,0.08329596217309033,NO
1970,61,0.08329596217309033,NO
1971,115,0.08329596217309033,NO
1972,60,0.08329596217309033,NO
1973,262,0.11483251703659864,NO
1974,99,0.08329596217309033,NO
1975,266,0.11483251703659864,NO
1976,174,0.08763477896833007,NO
1977,111,0.08329596217309033,NO
1978,268,0.11483251703659864,NO
1979,110,0.08329596217309033,NO
1980,125,0.08763477896833007,NO
1981,178,0.08763477896833007,NO
1982,131,0.08763477896833007,NO
1983,118,0.08329596217309033,NO
1984,230,0.11483251703659864,NO
1985,76,0.08329596217309033,NO
1986,105,0.08329596217309033,NO
1987,126,0.08763477896833007,NO
1988,110,0.08329596217309033,NO
1989,187,0.08763477896833007,NO
1990,40,0.09895629902624371,NO
1991,85,0.08329596217309033,NO
1992,100,0.08329596217309033,NO
1993,106,0.08329596217309033,NO
1994,44,0.08329596217309033,NO
1995,95,0.08329596217309033,NO
1996,219,0.11483251703659864,NO
1997,50,0.08329596217309033,NO
1998,39,0.09895629902624371,NO
1999,40,0.09895629902624371,NO
2000,38,0.09895629902624371,NO
2001,95,0.08329596217309033,NO
2002,118,0.08329596217309033,NO
2003,570,0.8336271089738759,NO
2004,180,0.08763477896833007,NO
2005,39,0.09895629902624371,NO
2006,47,0.08329596217309033,NO
2007,61,0.08329596217309033,NO
2008,63,0.08329596217309033,NO
2009,69,0.08329596217309033,NO
2010,214,0.11483251703659864,NO
2011,101,0.08423351445235812,NO
2012,106,0.08423351445235812,NO
2013,74,0.08423351445235812,NO
2014,96,0.08423351445235812,NO
2015,101,0.08423351445235812,NO
2016,168,0.08861644662408423,NO
2017,114,0.08423351445235812,NO
2018,154,0.08861644662408423,NO
2019,58,0.08423351445235812,NO
2020,47,0.08423351445235812,NO
2021,49,0.08423351445235812,NO
2022,58,0.08423351445235812,NO
2023,70,0.08423351445235812,NO
2024,141,0.08861644662408423,NO
2025,93,0.08423351445235812,NO
2026,309,0.18475640398623236,NO
2027,131,0.08861644662408423,NO
2028,50,0.08423351445235812,NO
2029,248,0.11608008611433902,NO
2030,391,0.33050981721525724,NO
2031,41,0.08329596217309033,NO
2032,69,0.08329596217309033,NO
2033,41,0.08329596217309033,NO
2034,37,0.09895629902624371,NO
2035,40,0.09895629902624371,NO
2036,97,0.08329596217309033,NO
2037,71,0.08329596217309033,NO
2038,46,0.08329596217309033,NO
