Id,Size,Prob,NormProb,Actual
633,22,0.99867725,0.04539442,false
646,22,0.99867725,0.04539442,false
708,22,0.99867725,0.04539442,false
724,22,0.99867725,0.04539442,false
919,22,0.99867725,0.04539442,false
922,22,0.99867725,0.04539442,false
1085,22,0.99867725,0.04539442,false
1103,22,0.99867725,0.04539442,false
1184,22,0.99867725,0.04539442,false
1240,22,0.99867725,0.04539442,false
918,23,0.99867725,0.04342075,false
1051,23,0.99867725,0.04342075,false
1069,23,0.99867725,0.04342075,false
1232,23,0.99867725,0.04342075,false
1233,23,0.99867725,0.04342075,false
1234,23,0.99867725,0.04342075,false
1348,23,0.99867725,0.04342075,false
1368,23,0.99867725,0.04342075,false
648,24,0.99867725,0.041611552,false
747,24,0.99867725,0.041611552,false
842,24,0.99867725,0.041611552,false
921,24,0.99867725,0.041611552,false
1053,24,0.99867725,0.041611552,false
1070,24,0.99867725,0.041611552,false
1087,24,0.99867725,0.041611552,false
1128,24,0.99867725,0.041611552,false
1190,24,0.99867725,0.041611552,false
1198,24,0.99867725,0.041611552,false
1199,24,0.99867725,0.041611552,false
1226,24,0.99867725,0.041611552,false
1314,24,0.99867725,0.041611552,false
1362,24,0.99867725,0.041611552,false
1427,24,0.99867725,0.041611552,false
434,25,0.99867725,0.03994709,false
461,25,0.99867725,0.03994709,false
640,25,0.99867725,0.03994709,false
962,25,0.99867725,0.03994709,false
963,25,0.99867725,0.03994709,false
1086,25,0.99867725,0.03994709,false
1110,25,0.99867725,0.03994709,false
1174,25,0.99867725,0.03994709,false
1192,25,0.99867725,0.03994709,false
1193,25,0.99867725,0.03994709,false
1319,25,0.99867725,0.03994709,false
1330,25,0.99867725,0.03994709,false
1331,25,0.99867725,0.03994709,false
1345,25,0.99867725,0.03994709,false
1359,25,0.99867725,0.03994709,false
341,26,0.99867725,0.038410664,false
469,26,0.99867725,0.038410664,false
473,26,0.99867725,0.038410664,false
488,26,0.99867725,0.038410664,false
632,26,0.99867725,0.038410664,false
875,26,0.99867725,0.038410664,false
877,26,0.99867725,0.038410664,false
878,26,0.99867725,0.038410664,false
1054,26,0.99867725,0.038410664,false
1165,26,0.99867725,0.038410664,false
1194,26,0.99867725,0.038410664,false
1201,26,0.99867725,0.038410664,false
1223,26,0.99867725,0.038410664,false
1230,26,0.99867725,0.038410664,false
1249,26,0.99867725,0.038410664,false
1320,26,0.99867725,0.038410664,false
1333,26,0.99867725,0.038410664,false
1341,26,0.99867725,0.038410664,false
1343,26,0.99867725,0.038410664,false
1351,26,0.99867725,0.038410664,false
1354,26,0.99867725,0.038410664,false
1358,26,0.99867725,0.038410664,false
1470,26,0.99867725,0.038410664,false
1487,26,0.99867725,0.038410664,false
446,27,0.99867725,0.036988046,false
448,27,0.99867725,0.036988046,false
615,27,0.99867725,0.036988046,false
649,27,0.99867725,0.036988046,false
935,27,0.99867725,0.036988046,false
1153,27,0.99867725,0.036988046,false
1287,27,0.99867725,0.036988046,false
1302,27,0.99867725,0.036988046,false
1363,27,0.99867725,0.036988046,false
1437,27,0.99867725,0.036988046,false
1440,27,0.99867725,0.036988046,false
451,28,0.99867725,0.035667043,false
486,28,0.99867725,0.035667043,false
655,28,0.99867725,0.035667043,false
876,28,0.99867725,0.035667043,false
951,28,0.99867725,0.035667043,false
1095,28,0.99867725,0.035667043,false
1191,28,0.99867725,0.035667043,false
1338,28,0.99867725,0.035667043,false
1390,28,0.99867725,0.035667043,false
439,29,0.99867725,0.034437146,false
440,29,0.99867725,0.034437146,true
1013,29,0.99867725,0.034437146,false
1074,29,0.99867725,0.034437146,false
1078,29,0.99867725,0.034437146,false
1084,29,0.99867725,0.034437146,false
1172,29,0.99867725,0.034437146,false
1173,29,0.99867725,0.034437146,false
1237,29,0.99867725,0.034437146,false
1277,29,0.99867725,0.034437146,false
1282,29,0.99867725,0.034437146,false
1297,29,0.99867725,0.034437146,false
133,30,0.99867725,0.033289243,false
474,30,0.99867725,0.033289243,false
700,30,0.99867725,0.033289243,false
883,30,0.99867725,0.033289243,false
896,30,0.99867725,0.033289243,false
928,30,0.99867725,0.033289243,false
1096,30,0.99867725,0.033289243,false
1215,30,0.99867725,0.033289243,false
1344,30,0.99867725,0.033289243,false
1374,30,0.99867725,0.033289243,false
347,31,0.99867725,0.032215394,false
471,31,0.99867725,0.032215394,false
483,31,0.99867725,0.032215394,false
616,31,0.99867725,0.032215394,false
707,31,0.99867725,0.032215394,false
867,31,0.99867725,0.032215394,false
881,31,0.99867725,0.032215394,false
894,31,0.99867725,0.032215394,false
927,31,0.99867725,0.032215394,false
929,31,0.99867725,0.032215394,false
931,31,0.99867725,0.032215394,false
948,31,0.99867725,0.032215394,false
1072,31,0.99867725,0.032215394,false
1075,31,0.99867725,0.032215394,false
1104,31,0.99867725,0.032215394,false
1149,31,0.99867725,0.032215394,false
1175,31,0.99867725,0.032215394,true
1202,31,0.99867725,0.032215394,false
1225,31,0.99867725,0.032215394,false
1244,31,0.99867725,0.032215394,false
1247,31,0.99867725,0.032215394,false
1295,31,0.99867725,0.032215394,false
1316,31,0.99867725,0.032215394,false
1339,31,0.99867725,0.032215394,false
34,32,0.99867725,0.031208664,false
284,32,0.99867725,0.031208664,false
314,32,0.99867725,0.031208664,false
352,32,0.99867725,0.031208664,false
411,32,0.99867725,0.031208664,false
467,32,0.99867725,0.031208664,false
588,32,0.99867725,0.031208664,false
613,32,0.99867725,0.031208664,false
623,32,0.99867725,0.031208664,false
720,32,0.99867725,0.031208664,false
862,32,0.99867725,0.031208664,false
932,32,0.99867725,0.031208664,false
1063,32,0.99867725,0.031208664,false
1064,32,0.99867725,0.031208664,false
1065,32,0.99867725,0.031208664,false
1066,32,0.99867725,0.031208664,false
1180,32,0.99867725,0.031208664,false
1221,32,0.99867725,0.031208664,false
1222,32,0.99867725,0.031208664,false
1373,32,0.99867725,0.031208664,false
1377,32,0.99867725,0.031208664,false
1413,32,0.99867725,0.031208664,false
405,33,0.99867725,0.030262947,false
599,33,0.99867725,0.030262947,false
964,33,0.99867725,0.030262947,false
1169,33,0.99867725,0.030262947,false
1189,33,0.99867725,0.030262947,false
1235,33,0.99867725,0.030262947,false
1298,33,0.99867725,0.030262947,true
1315,33,0.99867725,0.030262947,false
1346,33,0.99867725,0.030262947,false
1376,33,0.99867725,0.030262947,false
1435,33,0.99867725,0.030262947,false
468,34,0.99867725,0.02937286,false
487,34,0.99867725,0.02937286,false
915,34,0.99867725,0.02937286,false
1073,34,0.99867725,0.02937286,false
1156,34,0.99867725,0.02937286,false
1387,34,0.99867725,0.02937286,false
152,35,0.99867725,0.028533636,false
198,35,0.99867725,0.028533636,false
243,35,0.99867725,0.028533636,false
534,35,0.99867725,0.028533636,false
891,35,0.99867725,0.028533636,false
1060,35,0.99867725,0.028533636,false
1392,35,0.99867725,0.028533636,false
1433,35,0.99867725,0.028533636,false
185,36,0.99867725,0.027741035,false
463,36,0.99867725,0.027741035,false
612,36,0.99867725,0.027741035,true
1168,36,0.99867725,0.027741035,false
1182,36,0.99867725,0.027741035,false
1251,36,0.99867725,0.027741035,false
1332,36,0.99867725,0.027741035,false
1372,36,0.99867725,0.027741035,false
23,37,0.99867725,0.026991276,false
228,37,0.99867725,0.026991276,false
234,37,0.99867725,0.026991276,false
479,37,0.99867725,0.026991276,false
930,37,0.99867725,0.026991276,false
1077,37,0.99867725,0.026991276,false
1141,37,0.99867725,0.026991276,false
1152,37,0.99867725,0.026991276,false
1375,37,0.99867725,0.026991276,false
1425,37,0.99867725,0.026991276,false
1428,37,0.99867725,0.026991276,false
447,38,0.99867725,0.02628098,false
455,38,0.99867725,0.02628098,false
457,38,0.99867725,0.02628098,false
849,38,0.99867725,0.02628098,false
916,38,0.99867725,0.02628098,false
926,38,0.99867725,0.02628098,false
1126,38,0.99867725,0.02628098,false
1131,38,0.99867725,0.02628098,false
1256,38,0.99867725,0.02628098,false
1259,38,0.99867725,0.02628098,false
1293,38,0.99867725,0.02628098,false
1326,38,0.99867725,0.02628098,false
1449,38,0.99867725,0.02628098,false
1489,38,0.99867725,0.02628098,false
61,39,0.99867725,0.02560711,false
247,39,0.99867725,0.02560711,false
577,39,0.99867725,0.02560711,false
917,39,0.99867725,0.02560711,false
1115,39,0.99867725,0.02560711,false
1299,39,0.99867725,0.02560711,false
1342,39,0.99867725,0.02560711,false
158,40,0.99867725,0.024966931,false
281,40,0.99867725,0.024966931,false
283,40,0.99867725,0.024966931,false
294,40,0.99867725,0.024966931,false
318,40,0.99867725,0.024966931,false
408,40,0.99867725,0.024966931,false
410,40,0.99867725,0.024966931,false
431,40,0.99867725,0.024966931,true
475,40,0.99867725,0.024966931,false
495,40,0.99867725,0.024966931,false
510,40,0.99867725,0.024966931,false
559,40,0.99867725,0.024966931,false
575,40,0.99867725,0.024966931,false
624,40,0.99867725,0.024966931,false
659,40,0.99867725,0.024966931,false
662,40,0.99867725,0.024966931,false
942,40,0.99867725,0.024966931,false
970,40,0.99867725,0.024966931,false
991,40,0.99867725,0.024966931,false
1007,40,0.99867725,0.024966931,false
1052,40,0.99867725,0.024966931,false
1076,40,0.99867725,0.024966931,false
1178,40,0.99867725,0.024966931,false
1289,40,0.99867725,0.024966931,false
1301,40,0.99867725,0.024966931,false
1403,40,0.99867725,0.024966931,false
1539,40,0.99867725,0.024966931,false
435,41,0.99867725,0.024357982,false
449,41,0.99867725,0.024357982,false
485,41,0.99867725,0.024357982,false
511,41,0.99867725,0.024357982,false
521,41,0.99867725,0.024357982,false
552,41,0.99867725,0.024357982,false
645,41,0.99867725,0.024357982,false
702,41,0.99867725,0.024357982,false
1010,41,0.99867725,0.024357982,false
1081,41,0.99867725,0.024357982,false
1254,41,0.99867725,0.024357982,false
1340,41,0.99867725,0.024357982,false
1451,41,0.99867725,0.024357982,false
1511,41,0.99867725,0.024357982,false
151,42,0.99867725,0.02377803,false
191,42,0.99867725,0.02377803,false
313,42,0.99867725,0.02377803,false
400,42,0.99867725,0.02377803,false
432,42,0.99867725,0.02377803,true
513,42,0.99867725,0.02377803,false
1004,42,0.99867725,0.02377803,false
1008,42,0.99867725,0.02377803,false
1079,42,0.99867725,0.02377803,false
1117,42,0.99867725,0.02377803,false
1122,42,0.99867725,0.02377803,false
1125,42,0.99867725,0.02377803,false
1266,42,0.99867725,0.02377803,false
1268,42,0.99867725,0.02377803,false
1290,42,0.99867725,0.02377803,false
1400,42,0.99867725,0.02377803,false
1411,42,0.99867725,0.02377803,false
1496,42,0.99867725,0.02377803,false
186,43,0.99867725,0.023225052,false
267,43,0.99867725,0.023225052,false
404,43,0.99867725,0.023225052,false
443,43,0.99867725,0.023225052,false
458,43,0.99867725,0.023225052,false
549,43,0.99867725,0.023225052,true
840,43,0.99867725,0.023225052,false
889,43,0.99867725,0.023225052,false
950,43,0.99867725,0.023225052,false
1148,43,0.99867725,0.023225052,false
1408,43,0.99867725,0.023225052,false
1410,43,0.99867725,0.023225052,false
1447,43,0.99867725,0.023225052,false
1448,43,0.99867725,0.023225052,false
1459,43,0.99867725,0.023225052,false
91,44,0.99867725,0.02269721,false
105,44,0.99867725,0.02269721,false
298,44,0.99867725,0.02269721,false
441,44,0.99867725,0.02269721,false
598,44,0.99867725,0.02269721,false
850,44,0.99867725,0.02269721,false
857,44,0.99867725,0.02269721,false
1035,44,0.99867725,0.02269721,false
1171,44,0.99867725,0.02269721,false
1265,44,0.99867725,0.02269721,false
1334,44,0.99867725,0.02269721,false
1347,44,0.99867725,0.02269721,false
1432,44,0.99867725,0.02269721,false
1460,44,0.99867725,0.02269721,false
356,45,0.99867725,0.022192828,false
605,45,0.99867725,0.022192828,false
606,45,0.99867725,0.022192828,false
924,45,0.99867725,0.022192828,false
971,45,0.99867725,0.022192828,false
1012,45,0.99867725,0.022192828,false
1150,45,0.99867725,0.022192828,false
1418,45,0.99867725,0.022192828,false
320,46,0.99867725,0.021710375,false
321,46,0.99867725,0.021710375,false
346,46,0.99867725,0.021710375,false
358,46,0.99867725,0.021710375,false
359,46,0.99867725,0.021710375,false
453,46,0.99867725,0.021710375,true
696,46,0.99867725,0.021710375,false
1195,46,0.99867725,0.021710375,false
1267,46,0.99867725,0.021710375,false
212,47,0.99867725,0.021248452,false
257,47,0.99867725,0.021248452,false
998,47,0.99867725,0.021248452,false
999,47,0.99867725,0.021248452,false
1025,47,0.99867725,0.021248452,false
1027,47,0.99867725,0.021248452,false
1213,47,0.99867725,0.021248452,false
1364,47,0.99867725,0.021248452,false
1370,47,0.99867725,0.021248452,false
1383,47,0.99867725,0.021248452,false
1454,47,0.99867725,0.021248452,false
47,48,0.99867725,0.020805776,false
117,48,0.99867725,0.020805776,false
155,48,0.99867725,0.020805776,false
265,48,0.99867725,0.020805776,false
459,48,0.99867725,0.020805776,true
466,48,0.99867725,0.020805776,false
603,48,0.99867725,0.020805776,false
1009,48,0.99867725,0.020805776,false
1116,48,0.99867725,0.020805776,false
1135,48,0.99867725,0.020805776,false
1255,48,0.99867725,0.020805776,false
1278,48,0.99867725,0.020805776,false
1407,48,0.99867725,0.020805776,false
1419,48,0.99867725,0.020805776,false
1495,48,0.99867725,0.020805776,false
129,49,0.99867725,0.020381168,false
279,49,0.99867725,0.020381168,false
477,49,0.99867725,0.020381168,false
614,49,0.99867725,0.020381168,false
864,49,0.99867725,0.020381168,false
946,49,0.99867725,0.020381168,false
969,49,0.99867725,0.020381168,false
1273,49,0.99867725,0.020381168,false
1325,49,0.99867725,0.020381168,false
1480,49,0.99867725,0.020381168,false
460,50,0.99867725,0.019973544,false
627,50,0.99867725,0.019973544,false
925,50,0.99867725,0.019973544,false
944,50,0.99867725,0.019973544,false
1057,50,0.99867725,0.019973544,false
1296,50,0.99867725,0.019973544,false
1336,50,0.99867725,0.019973544,false
1391,50,0.99867725,0.019973544,false
163,51,0.99867725,0.019581906,false
470,51,0.99867725,0.019581906,false
643,51,0.99867725,0.019581906,false
644,51,0.99867725,0.019581906,false
665,51,0.99867725,0.019581906,true
848,51,0.99867725,0.019581906,false
1133,51,0.99867725,0.019581906,false
1136,51,0.99867725,0.019581906,false
1281,51,0.99867725,0.019581906,false
1469,51,0.99867725,0.019581906,false
1481,51,0.99867725,0.019581906,false
82,52,0.99867725,0.019205332,false
175,52,0.99867725,0.019205332,false
218,52,0.99867725,0.019205332,false
261,52,0.99867725,0.019205332,false
454,52,0.99867725,0.019205332,true
456,52,0.99867725,0.019205332,false
734,52,0.99867725,0.019205332,false
743,52,0.99867725,0.019205332,false
863,52,0.99867725,0.019205332,false
947,52,0.99867725,0.019205332,false
1062,52,0.99867725,0.019205332,false
1111,52,0.99867725,0.019205332,false
1112,52,0.99867725,0.019205332,false
1138,52,0.99867725,0.019205332,false
1335,52,0.99867725,0.019205332,false
93,53,0.99867725,0.018842967,false
219,53,0.99867725,0.018842967,false
442,53,0.99867725,0.018842967,true
697,53,0.99867725,0.018842967,false
869,53,0.99867725,0.018842967,false
923,53,0.99867725,0.018842967,false
1005,53,0.99867725,0.018842967,false
1018,53,0.99867725,0.018842967,false
1139,53,0.99867725,0.018842967,false
1181,53,0.99867725,0.018842967,false
1270,53,0.99867725,0.018842967,false
1275,53,0.99867725,0.018842967,false
1285,53,0.99867725,0.018842967,false
1431,53,0.99867725,0.018842967,false
1473,53,0.99867725,0.018842967,false
1521,53,0.99867725,0.018842967,false
968,54,0.99867725,0.018494023,false
984,54,0.99867725,0.018494023,false
1038,54,0.99867725,0.018494023,false
1430,54,0.99867725,0.018494023,false
1512,54,0.99867725,0.018494023,false
83,55,0.99867725,0.018157769,false
92,55,0.99867725,0.018157769,true
193,55,0.99867725,0.018157769,false
197,55,0.99867725,0.018157769,false
224,55,0.99867725,0.018157769,false
1006,55,0.99867725,0.018157769,false
1119,55,0.99867725,0.018157769,false
316,56,0.99933773,0.017845318,false
90,56,0.99867725,0.017833522,true
119,56,0.99867725,0.017833522,false
315,56,0.99867725,0.017833522,false
491,56,0.99867725,0.017833522,false
503,56,0.99867725,0.017833522,false
602,56,0.99867725,0.017833522,false
890,56,0.99867725,0.017833522,false
903,56,0.99867725,0.017833522,false
990,56,0.99867725,0.017833522,false
1050,56,0.99867725,0.017833522,false
1055,56,0.99867725,0.017833522,false
1140,56,0.99867725,0.017833522,false
1208,56,0.99867725,0.017833522,false
1271,56,0.99867725,0.017833522,false
1286,56,0.99867725,0.017833522,false
353,57,0.99867725,0.017520653,false
576,57,0.99867725,0.017520653,false
585,57,0.99867725,0.017520653,false
716,57,0.99867725,0.017520653,false
870,57,0.99867725,0.017520653,false
905,57,0.99867725,0.017520653,false
1011,57,0.99867725,0.017520653,false
1120,57,0.99867725,0.017520653,false
8,58,0.99867725,0.017218573,false
22,58,0.99867725,0.017218573,false
172,58,0.99867725,0.017218573,false
427,58,0.99867725,0.017218573,true
478,58,0.99867725,0.017218573,false
887,58,0.99867725,0.017218573,false
1030,58,0.99867725,0.017218573,false
1046,58,0.99867725,0.017218573,false
1058,58,0.99867725,0.017218573,false
28,59,0.99867725,0.016926734,false
81,59,0.99867725,0.016926734,false
292,59,0.99867725,0.016926734,false
745,59,0.99867725,0.016926734,false
868,59,0.99867725,0.016926734,false
1291,59,0.99867725,0.016926734,false
1306,59,0.99867725,0.016926734,false
1395,59,0.99867725,0.016926734,false
1414,59,0.99867725,0.016926734,false
1442,59,0.99867725,0.016926734,false
109,60,0.99867725,0.016644621,false
242,60,0.99867725,0.016644621,false
476,60,0.99867725,0.016644621,true
865,60,0.99867725,0.016644621,false
920,60,0.99867725,0.016644621,true
1029,60,0.99867725,0.016644621,false
1056,60,0.99867725,0.016644621,false
1134,60,0.99867725,0.016644621,false
1147,60,0.99867725,0.016644621,false
1389,60,0.99867725,0.016644621,false
1415,60,0.99867725,0.016644621,false
1416,60,0.99867725,0.016644621,false
1417,60,0.99867725,0.016644621,false
1528,60,0.99867725,0.016644621,false
419,61,0.99933773,0.016382586,false
166,61,0.99867725,0.016371759,false
847,61,0.99867725,0.016371759,false
1059,61,0.99867725,0.016371759,false
1127,61,0.99867725,0.016371759,false
1129,61,0.99867725,0.016371759,false
1204,61,0.99867725,0.016371759,false
1272,61,0.99867725,0.016371759,false
14,62,0.99867725,0.016107697,false
418,62,0.99867725,0.016107697,false
494,62,0.99867725,0.016107697,false
750,62,0.99867725,0.016107697,false
765,62,0.99867725,0.016107697,false
834,62,0.99867725,0.016107697,false
1144,62,0.99867725,0.016107697,false
1304,62,0.99867725,0.016107697,false
1452,62,0.99867725,0.016107697,false
182,63,0.99867725,0.01585202,false
222,63,0.99867725,0.01585202,false
333,63,0.99867725,0.01585202,true
401,63,0.99867725,0.01585202,false
482,63,0.99867725,0.01585202,false
866,63,0.99867725,0.01585202,false
912,63,0.99867725,0.01585202,true
1023,63,0.99867725,0.01585202,false
1143,63,0.99867725,0.01585202,false
1317,63,0.99867725,0.01585202,false
1426,63,0.99867725,0.01585202,false
12,64,0.99867725,0.015604332,false
31,64,0.99867725,0.015604332,false
246,64,0.99867725,0.015604332,false
354,64,0.99867725,0.015604332,false
396,64,0.99867725,0.015604332,false
528,64,0.99867725,0.015604332,false
714,64,0.99867725,0.015604332,false
844,64,0.99867725,0.015604332,false
1045,64,0.99867725,0.015604332,false
1048,64,0.99867725,0.015604332,false
1049,64,0.99867725,0.015604332,false
6,65,0.99867725,0.015364265,false
154,65,0.99867725,0.015364265,false
200,65,0.99867725,0.015364265,false
205,65,0.99867725,0.015364265,false
544,65,0.99867725,0.015364265,true
654,65,0.99867725,0.015364265,false
694,65,0.99867725,0.015364265,false
806,65,0.99867725,0.015364265,false
812,65,0.99867725,0.015364265,false
846,65,0.99867725,0.015364265,false
1047,65,0.99867725,0.015364265,false
1113,65,0.99867725,0.015364265,false
1154,65,0.99867725,0.015364265,false
1252,65,0.99867725,0.015364265,false
1491,65,0.99867725,0.015364265,true
250,66,0.99867725,0.015131474,false
255,66,0.99867725,0.015131474,false
406,66,0.99867725,0.015131474,false
691,66,0.99867725,0.015131474,false
1379,66,0.99867725,0.015131474,false
1461,66,0.99867725,0.015131474,true
1514,66,0.99867725,0.015131474,false
273,67,0.99867725,0.014905631,false
300,67,0.99867725,0.014905631,false
573,67,0.99867725,0.014905631,false
597,67,0.99867725,0.014905631,false
906,67,0.99867725,0.014905631,false
1163,67,0.99867725,0.014905631,false
1356,67,0.99867725,0.014905631,false
1439,67,0.99867725,0.014905631,false
361,68,0.99867725,0.01468643,false
837,68,0.99867725,0.01468643,false
900,68,0.99867725,0.01468643,false
1031,68,0.99867725,0.01468643,false
1423,68,0.99867725,0.01468643,false
1443,68,0.99867725,0.01468643,false
29,69,0.99867725,0.014473584,false
245,69,0.99867725,0.014473584,false
311,69,0.99867725,0.014473584,false
566,69,0.99867725,0.014473584,false
693,69,0.99867725,0.014473584,false
1209,69,0.99867725,0.014473584,false
33,70,0.99867725,0.014266818,false
289,70,0.99867725,0.014266818,false
291,70,0.99867725,0.014266818,false
342,70,0.99867725,0.014266818,false
425,70,0.99867725,0.014266818,true
548,70,0.99867725,0.014266818,true
719,70,0.99867725,0.014266818,false
910,70,0.99867725,0.014266818,false
349,71,0.99867725,0.014065877,false
412,71,0.99867725,0.014065877,false
531,71,0.99867725,0.014065877,false
562,71,0.99867725,0.014065877,false
688,71,0.99867725,0.014065877,false
1041,71,0.99867725,0.014065877,false
1483,71,0.99867725,0.014065877,true
1526,71,0.99867725,0.014065877,false
1558,71,0.99867725,0.014065877,false
608,72,0.99933773,0.013879691,false
162,72,0.99867725,0.013870518,false
201,72,0.99867725,0.013870518,false
258,72,0.99867725,0.013870518,false
275,72,0.99867725,0.013870518,false
424,72,0.99867725,0.013870518,true
617,72,0.99867725,0.013870518,false
949,72,0.99867725,0.013870518,false
1114,72,0.99867725,0.013870518,false
1164,72,0.99867725,0.013870518,false
150,73,0.99867725,0.01368051,false
161,73,0.99867725,0.01368051,false
1310,73,0.99867725,0.01368051,false
676,74,0.99867725,0.013495638,false
813,74,0.99867725,0.013495638,false
904,74,0.99867725,0.013495638,false
1482,74,0.99867725,0.013495638,true
1516,74,0.99867725,0.013495638,false
188,75,0.99867725,0.013315696,false
680,75,0.99867725,0.013315696,false
684,75,0.99867725,0.013315696,false
741,75,0.99867725,0.013315696,false
874,75,0.99867725,0.013315696,false
1337,75,0.99867725,0.013315696,false
1478,75,0.99867725,0.013315696,true
505,76,0.99867725,0.01314049,false
547,76,0.99867725,0.01314049,true
717,76,0.99867725,0.01314049,false
843,76,0.99867725,0.01314049,false
911,76,0.99867725,0.01314049,false
958,76,0.99867725,0.01314049,true
1000,76,0.99867725,0.01314049,false
1146,76,0.99867725,0.01314049,false
1264,76,0.99867725,0.01314049,false
1312,76,0.99867725,0.01314049,false
1360,76,0.99867725,0.01314049,false
1458,76,0.99867725,0.01314049,true
1479,76,0.99867725,0.01314049,true
1535,76,0.99867725,0.01314049,false
24,77,0.99867725,0.012969835,false
262,77,0.99867725,0.012969835,true
841,77,0.99867725,0.012969835,false
1318,77,0.99867725,0.012969835,false
1493,77,0.99867725,0.012969835,false
1,78,0.99867725,0.012803555,false
130,78,0.99867725,0.012803555,false
1022,78,0.99867725,0.012803555,false
1350,78,0.99867725,0.012803555,false
1405,78,0.99867725,0.012803555,false
287,79,0.99867725,0.012641484,false
501,79,0.99867725,0.012641484,false
678,79,0.99867725,0.012641484,false
718,79,0.99867725,0.012641484,false
939,79,0.99867725,0.012641484,false
1099,79,0.99867725,0.012641484,true
1471,79,0.99867725,0.012641484,true
27,80,0.99867725,0.0124834655,false
319,80,0.99867725,0.0124834655,false
323,80,0.99867725,0.0124834655,false
995,80,0.99867725,0.0124834655,false
1305,80,0.99867725,0.0124834655,false
1349,80,0.99867725,0.0124834655,false
187,81,0.99867725,0.012329348,false
189,81,0.99867725,0.012329348,false
209,81,0.99867725,0.012329348,false
220,81,0.99867725,0.012329348,false
288,81,0.99867725,0.012329348,true
381,81,0.99867725,0.012329348,true
497,81,0.99867725,0.012329348,true
515,81,0.99867725,0.012329348,false
675,81,0.99867725,0.012329348,false
682,81,0.99867725,0.012329348,false
713,81,0.99867725,0.012329348,false
1513,81,0.99867725,0.012329348,false
398,82,0.99867725,0.012178991,false
428,82,0.99867725,0.012178991,true
619,82,0.99867725,0.012178991,false
940,82,0.99867725,0.012178991,false
1019,82,0.99867725,0.012178991,false
1488,82,0.99867725,0.012178991,false
1525,82,0.99867725,0.012178991,false
221,83,0.99867725,0.012032256,false
350,83,0.99867725,0.012032256,false
618,83,0.99867725,0.012032256,false
898,83,0.99867725,0.012032256,false
1157,83,0.99867725,0.012032256,false
1162,83,0.99867725,0.012032256,true
1519,83,0.99867725,0.012032256,false
183,84,0.99867725,0.011889015,false
484,84,0.99867725,0.011889015,true
1102,84,0.99867725,0.011889015,false
1303,84,0.99867725,0.011889015,false
1352,84,0.99867725,0.011889015,false
1474,84,0.99867725,0.011889015,false
46,85,0.99867725,0.011749144,true
138,85,0.99867725,0.011749144,false
240,85,0.99867725,0.011749144,false
384,85,0.99867725,0.011749144,false
519,85,0.99867725,0.011749144,false
908,85,0.99867725,0.011749144,false
1151,85,0.99867725,0.011749144,false
1355,85,0.99867725,0.011749144,false
1515,85,0.99867725,0.011749144,false
1540,85,0.99867725,0.011749144,false
310,86,0.99867725,0.011612526,false
433,86,0.99867725,0.011612526,false
669,86,0.99867725,0.011612526,false
1155,86,0.99867725,0.011612526,false
1518,86,0.99867725,0.011612526,false
3,87,0.99867725,0.011479049,false
450,87,0.99867725,0.011479049,true
506,87,0.99867725,0.011479049,false
735,87,0.99867725,0.011479049,false
975,87,0.99867725,0.011479049,false
1118,87,0.99867725,0.011479049,false
1307,87,0.99867725,0.011479049,false
190,88,0.99867725,0.011348605,false
293,88,0.99867725,0.011348605,false
312,88,0.99867725,0.011348605,false
378,88,0.99867725,0.011348605,true
518,88,0.99867725,0.011348605,false
527,88,0.99867725,0.011348605,false
574,88,0.99867725,0.011348605,false
114,89,0.99867725,0.011221093,false
156,89,0.99867725,0.011221093,false
277,89,0.99867725,0.011221093,false
317,89,0.99867725,0.011221093,false
264,90,0.99867725,0.011096414,false
268,90,0.99867725,0.011096414,false
377,90,0.99867725,0.011096414,true
416,90,0.99867725,0.011096414,false
498,91,0.99867725,0.010974475,false
516,91,0.99867725,0.010974475,false
902,91,0.99867725,0.010974475,true
1353,91,0.99867725,0.010974475,false
1492,91,0.99867725,0.010974475,true
69,92,0.99867725,0.010855188,false
139,92,0.99867725,0.010855188,false
492,92,0.99867725,0.010855188,true
729,92,0.99867725,0.010855188,false
1243,92,0.99867725,0.010855188,false
1313,92,0.99867725,0.010855188,false
1385,92,0.99867725,0.010855188,false
39,93,0.99867725,0.010738465,false
112,93,0.99867725,0.010738465,true
251,93,0.99867725,0.010738465,false
563,93,0.99867725,0.010738465,false
742,93,0.99867725,0.010738465,false
1308,93,0.99867725,0.010738465,false
199,94,0.99867725,0.010624226,false
355,94,0.99867725,0.010624226,false
414,94,0.99867725,0.010624226,false
581,94,0.99867725,0.010624226,false
1001,94,0.99867725,0.010624226,false
1016,94,0.99867725,0.010624226,false
1203,94,0.99867725,0.010624226,false
1328,94,0.99867725,0.010624226,false
1422,94,0.99867725,0.010624226,false
1520,94,0.99867725,0.010624226,false
1542,94,0.99867725,0.010624226,true
30,95,0.99867725,0.010512392,false
556,95,0.99867725,0.010512392,false
1280,95,0.99867725,0.010512392,false
1288,95,0.99867725,0.010512392,false
1548,95,0.99867725,0.010512392,false
253,96,0.99867725,0.010402888,false
557,96,0.99867725,0.010402888,false
945,96,0.99867725,0.010402888,false
1003,96,0.99867725,0.010402888,false
1039,96,0.99867725,0.010402888,false
1205,96,0.99867725,0.010402888,false
1279,96,0.99867725,0.010402888,false
1366,96,0.99867725,0.010402888,false
252,97,0.99867725,0.010295642,false
512,97,0.99867725,0.010295642,false
533,97,0.99867725,0.010295642,false
748,97,0.99867725,0.010295642,false
1367,97,0.99867725,0.010295642,false
45,98,0.99867725,0.010190584,false
141,98,0.99867725,0.010190584,false
357,98,0.99867725,0.010190584,false
437,98,0.99867725,0.010190584,true
567,98,0.99867725,0.010190584,false
578,98,0.99867725,0.010190584,false
981,98,0.99867725,0.010190584,false
160,99,0.99867725,0.010087649,false
407,99,0.99867725,0.010087649,false
961,99,0.99867725,0.010087649,false
325,100,0.99867725,0.009986772,false
1121,100,0.99867725,0.009986772,false
1124,100,0.99867725,0.009986772,false
1541,100,0.99867725,0.009986772,false
213,101,0.99867725,0.009887894,false
422,101,0.99867725,0.009887894,true
496,101,0.99867725,0.009887894,false
580,101,0.99867725,0.009887894,false
860,101,0.99867725,0.009887894,false
481,102,0.99867725,0.009790953,false
538,102,0.99867725,0.009790953,false
295,104,0.99867725,0.009602666,false
1036,104,0.99867725,0.009602666,false
7,105,0.99867725,0.009511212,false
397,105,0.99867725,0.009511212,false
1071,105,0.99867725,0.009511212,false
1097,105,0.99867725,0.009511212,true
10,106,0.99867725,0.009421484,false
19,106,0.99867725,0.009421484,true
57,106,0.99867725,0.009421484,false
579,106,0.99867725,0.009421484,false
845,106,0.99867725,0.009421484,false
1109,106,0.99867725,0.009421484,false
1309,107,0.99867725,0.009333433,false
1311,107,0.99867725,0.009333433,false
15,108,0.99867725,0.0092470115,true
695,108,0.99867725,0.0092470115,false
715,108,0.99867725,0.0092470115,false
539,109,0.99867725,0.009162176,true
937,109,0.99867725,0.009162176,false
1361,109,0.99867725,0.009162176,false
21,110,0.99867725,0.0090788845,false
959,110,0.99867725,0.0090788845,false
1537,110,0.99867725,0.0090788845,false
1142,111,0.99867725,0.008997092,false
1523,111,0.99867725,0.008997092,false
111,112,0.99867725,0.008916761,true
307,112,0.99867725,0.008916761,false
472,112,0.99867725,0.008916761,true
561,112,0.99867725,0.008916761,false
936,112,0.99867725,0.008916761,false
1034,112,0.99867725,0.008916761,false
1543,112,0.99867725,0.008916761,false
52,113,0.99867725,0.008837852,false
196,113,0.99867725,0.008837852,false
462,113,0.99867725,0.008837852,true
739,113,0.99867725,0.008837852,false
788,113,0.99867725,0.008837852,false
873,113,0.99867725,0.008837852,false
1269,113,0.99867725,0.008837852,false
26,114,0.99867725,0.008760327,false
122,114,0.99867725,0.008760327,false
892,114,0.99867725,0.008760327,false
100,115,0.99867725,0.00868415,true
417,115,0.99867725,0.00868415,false
565,115,0.99867725,0.00868415,false
38,116,0.99867725,0.0086092865,false
102,116,0.99867725,0.0086092865,true
116,116,0.99867725,0.0086092865,true
464,116,0.99867725,0.0086092865,true
572,116,0.99867725,0.0086092865,false
593,116,0.99867725,0.0086092865,false
670,116,0.99867725,0.0086092865,false
952,116,0.99867725,0.0086092865,false
989,116,0.99867725,0.0086092865,false
1393,117,0.99867725,0.008535703,false
886,118,0.99867725,0.008463367,false
909,118,0.99867725,0.008463367,false
1533,118,0.99867725,0.008463367,false
609,89,0.7498343,0.008425104,false
37,119,0.99867725,0.0083922455,false
308,119,0.99867725,0.0083922455,false
641,119,0.99867725,0.0083922455,false
1228,119,0.99867725,0.0083922455,false
202,120,0.99867725,0.008322311,false
601,120,0.99867725,0.008322311,false
20,121,0.99867725,0.008253531,false
1219,121,0.99867725,0.008253531,false
1455,121,0.99867725,0.008253531,false
98,122,0.99867725,0.008185879,true
541,122,0.99867725,0.008185879,true
907,122,0.99867725,0.008185879,false
41,123,0.99867725,0.008119327,false
263,123,0.99867725,0.008119327,true
629,124,0.99867725,0.0080538485,true
1357,124,0.99867725,0.0080538485,false
54,125,0.99867725,0.007989418,false
204,125,0.99867725,0.007989418,false
979,125,0.99867725,0.007989418,false
1321,125,0.99867725,0.007989418,false
1463,125,0.99867725,0.007989418,false
504,126,0.99867725,0.00792601,true
652,126,0.99867725,0.00792601,false
1453,128,0.99867725,0.007802166,false
11,130,0.99867725,0.0076821325,false
681,130,0.99867725,0.0076821325,false
858,130,0.99867725,0.0076821325,false
1258,130,0.99867725,0.0076821325,false
1505,130,0.99867725,0.0076821325,false
542,131,0.99867725,0.0076234904,false
1467,131,0.99867725,0.0076234904,false
1532,131,0.99867725,0.0076234904,false
13,132,0.99867725,0.007565737,false
99,132,0.99867725,0.007565737,true
110,132,0.99867725,0.007565737,true
382,132,0.99867725,0.007565737,false
974,132,0.99867725,0.007565737,false
1464,132,0.99867725,0.007565737,false
290,57,0.4285985,0.0075192717,false
540,133,0.99867725,0.0075088516,true
884,133,0.99867725,0.0075088516,false
701,134,0.99867725,0.0074528153,true
270,135,0.99933773,0.007402502,true
211,135,0.99867725,0.0073976093,false
687,135,0.99867725,0.0073976093,false
1450,135,0.99867725,0.0073976093,true
106,136,0.99867725,0.007343215,false
555,137,0.99867725,0.007289615,false
1508,137,0.99867725,0.007289615,false
986,138,0.99867725,0.007236792,false
1329,138,0.99867725,0.007236792,false
203,139,0.99867725,0.0071847285,false
239,139,0.99867725,0.0071847285,false
1082,139,0.99867725,0.0071847285,true
1145,139,0.99867725,0.0071847285,false
859,140,0.99867725,0.007133409,false
25,142,0.99867725,0.0070329383,false
1211,142,0.99867725,0.0070329383,false
1462,142,0.99867725,0.0070329383,false
1534,142,0.99867725,0.0070329383,true
380,143,0.99867725,0.006983757,false
888,144,0.99867725,0.006935259,false
48,145,0.99867725,0.0068874294,true
51,146,0.99867725,0.006840255,false
309,146,0.99867725,0.006840255,false
53,147,0.99867725,0.006793723,false
1382,147,0.99867725,0.006793723,false
35,148,0.99867725,0.006747819,false
499,148,0.99867725,0.006747819,true
225,149,0.99867725,0.006702532,false
1212,149,0.99867725,0.006702532,false
1197,150,0.99867725,0.006657848,true
360,76,0.5,0.0065789474,false
536,152,0.99867725,0.006570245,false
879,152,0.99867725,0.006570245,false
392,153,0.99867725,0.0065273023,false
642,153,0.99867725,0.0065273023,false
899,153,0.99867725,0.0065273023,false
893,154,0.99867725,0.0064849174,false
1014,154,0.99867725,0.0064849174,false
1369,154,0.99867725,0.0064849174,false
36,156,0.99867725,0.0064017773,false
44,156,0.99867725,0.0064017773,false
140,156,0.99867725,0.0064017773,false
1444,156,0.99867725,0.0064017773,false
895,157,0.99867725,0.0063610016,false
113,158,0.99867725,0.006320742,false
179,158,0.99867725,0.006320742,false
217,158,0.99867725,0.006320742,false
636,158,0.99867725,0.006320742,false
897,158,0.99867725,0.006320742,false
1043,158,0.99867725,0.006320742,false
1283,159,0.99867725,0.006280989,false
409,160,0.99867725,0.0062417327,false
587,160,0.99867725,0.0062417327,false
1210,160,0.99867725,0.0062417327,false
1017,161,0.99867725,0.006202964,false
383,162,0.99867725,0.006164674,false
957,163,0.99867725,0.006126854,true
871,164,0.99867725,0.0060894955,true
914,165,0.99867725,0.0060525895,false
938,165,0.99867725,0.0060525895,true
571,166,0.99867725,0.006016128,false
249,167,0.99867725,0.0059801033,false
1028,167,0.99867725,0.0059801033,true
967,168,0.99867725,0.0059445077,false
96,171,0.99867725,0.0058402177,false
1323,171,0.99867725,0.0058402177,true
1384,171,0.99867725,0.0058402177,false
169,86,0.5,0.0058139535,false
1026,172,0.99867725,0.005806263,false
1067,172,0.99867725,0.005806263,false
1214,173,0.99867725,0.005772701,false
17,174,0.99867725,0.0057395245,false
1015,174,0.99867725,0.0057395245,false
1024,174,0.99867725,0.0057395245,false
1224,174,0.99867725,0.0057395245,false
5,175,0.99867725,0.005706727,false
1477,175,0.99867725,0.005706727,false
176,88,0.5,0.0056818184,false
1371,176,0.99867725,0.0056743026,false
543,177,0.99867725,0.005642244,true
704,177,0.99867725,0.005642244,false
726,177,0.99867725,0.005642244,false
1441,177,0.99867725,0.005642244,false
465,178,0.99867725,0.0056105466,true
1531,178,0.99867725,0.0056105466,false
227,179,0.99867725,0.0055792024,false
1123,179,0.99867725,0.0055792024,false
1185,179,0.99867725,0.0055792024,true
1509,179,0.99867725,0.0055792024,false
1130,180,0.99867725,0.005548207,false
58,181,0.99867725,0.005517554,false
1327,182,0.99867725,0.0054872376,false
1220,183,0.99867725,0.0054572527,false
438,184,0.99867725,0.005427594,true
630,184,0.99867725,0.005427594,true
943,184,0.99867725,0.005427594,false
988,184,0.99867725,0.005427594,false
1179,184,0.99867725,0.005427594,false
1365,185,0.99867725,0.0053982553,false
368,186,0.99867725,0.0053692325,false
1137,186,0.99867725,0.0053692325,false
94,187,0.99867725,0.00534052,true
1538,187,0.99867725,0.00534052,true
370,188,0.99867725,0.005312113,false
692,188,0.99867725,0.005312113,false
136,189,0.99867725,0.0052840067,true
690,189,0.99867725,0.0052840067,false
389,190,0.99867725,0.005256196,false
395,190,0.99867725,0.005256196,true
344,192,0.99867725,0.005201444,true
366,193,0.99867725,0.0051744934,true
143,194,0.99867725,0.005147821,false
9,196,0.99867725,0.005095292,false
303,196,0.99867725,0.005095292,false
365,196,0.99867725,0.005095292,true
444,198,0.99867725,0.0050438247,true
1101,199,0.99867725,0.0050184787,false
1397,200,0.99867725,0.004993386,false
144,201,0.99867725,0.0049685435,false
1322,201,0.99867725,0.0049685435,false
880,202,0.99867725,0.004943947,false
372,204,0.99867725,0.0048954766,false
941,204,0.99867725,0.0048954766,false
1324,204,0.99867725,0.0048954766,false
76,208,0.99867725,0.004801333,false
689,209,0.99867725,0.00477836,false
882,209,0.99867725,0.00477836,false
1037,210,0.99867725,0.004755606,false
1456,210,0.99867725,0.004755606,false
733,211,0.99867725,0.0047330675,false
933,211,0.99867725,0.0047330675,false
1200,211,0.99867725,0.0047330675,true
343,213,0.99867725,0.0046886257,false
436,213,0.99867725,0.0046886257,true
685,213,0.99867725,0.0046886257,false
524,107,0.5,0.004672897,false
677,214,0.99867725,0.0046667163,false
1421,214,0.99867725,0.0046667163,false
73,216,0.99867725,0.0046235058,false
653,216,0.99867725,0.0046235058,false
673,216,0.99867725,0.0046235058,false
954,217,0.99867725,0.0046021994,false
1206,217,0.99867725,0.0046021994,false
1300,217,0.99867725,0.0046021994,false
1399,217,0.99867725,0.0046021994,false
1476,217,0.99867725,0.0046021994,false
978,219,0.99867725,0.00456017,false
1544,219,0.99867725,0.00456017,false
40,229,0.99867725,0.0043610362,true
634,229,0.99867725,0.0043610362,true
363,232,0.99867725,0.0043046433,false
1068,232,0.99867725,0.0043046433,false
728,234,0.99867725,0.0042678514,false
490,235,0.99867725,0.0042496906,true
1106,236,0.99867725,0.0042316834,false
1061,240,0.99867725,0.0041611553,false
274,242,0.99867725,0.0041267653,false
621,242,0.99867725,0.0041267653,false
1504,242,0.99867725,0.0041267653,false
706,243,0.99867725,0.004109783,false
647,244,0.99867725,0.0040929397,false
657,244,0.99867725,0.0040929397,true
79,245,0.99867725,0.0040762336,false
18,246,0.99867725,0.0040596635,false
710,247,0.99867725,0.0040432275,true
631,248,0.99867725,0.0040269243,true
280,249,0.99867725,0.004010752,false
55,252,0.99867725,0.003963005,false
489,252,0.99867725,0.003963005,true
1446,252,0.99867725,0.003963005,false
628,257,0.99867725,0.0038859036,true
59,260,0.99867725,0.0038410663,false
532,262,0.99867725,0.0038117452,false
934,262,0.99867725,0.0038117452,false
1529,262,0.99867725,0.0038117452,false
226,263,0.99867725,0.003797252,false
1401,265,0.99867725,0.0037685933,true
1033,269,0.99867725,0.003712555,false
674,270,0.99867725,0.0036988046,false
285,273,0.99867725,0.0036581585,false
901,273,0.99867725,0.0036581585,false
955,274,0.99867725,0.0036448075,false
364,275,0.99867725,0.0036315536,false
1445,277,0.99867725,0.003605333,false
332,280,0.99867725,0.0035667045,false
1080,280,0.99867725,0.0035667045,true
423,281,0.99867725,0.0035540115,true
367,284,0.99867725,0.0035164692,false
445,285,0.99867725,0.0035041308,true
730,286,0.99867725,0.0034918785,true
740,286,0.99867725,0.0034918785,false
480,289,0.99867725,0.0034556305,true
1378,289,0.99867725,0.0034556305,false
1497,289,0.99867725,0.0034556305,false
983,296,0.99867725,0.0033739095,false
811,299,0.99867725,0.0033400578,false
610,304,0.99867725,0.0032851226,false
635,311,0.99867725,0.003211181,true
386,312,0.99867725,0.0032008886,true
306,315,0.99867725,0.003170404,true
1524,329,0.99867725,0.0030354932,true
337,333,0.99867725,0.0029990308,false
982,340,0.99867725,0.002937286,false
452,341,0.99867725,0.0029286724,true
379,349,0.99867725,0.0028615394,true
560,350,0.99867725,0.0028533635,false
622,351,0.99867725,0.0028452342,false
1424,356,0.99867725,0.0028052733,false
705,357,0.99867725,0.0027974152,false
1388,361,0.99867725,0.002766419,false
980,363,0.99867725,0.002751177,false
660,369,0.99867725,0.0027064425,false
1186,372,0.99867725,0.0026846163,false
1472,375,0.99867725,0.0026631393,false
564,381,0.99867725,0.0026212002,false
302,384,0.99867725,0.002600722,true
819,387,0.99867725,0.0025805614,false
831,387,0.99867725,0.0025805614,false
1002,388,0.99867725,0.0025739104,true
1108,389,0.99867725,0.0025672936,true
1551,391,0.99867725,0.0025541617,false
737,401,0.99867725,0.002490467,true
810,405,0.99867725,0.0024658698,false
820,406,0.99867725,0.0024597961,false
1107,406,0.99867725,0.0024597961,true
885,411,0.99867725,0.0024298716,false
1501,422,0.99867725,0.0023665337,true
987,426,0.99867725,0.0023443128,true
16,432,0.99867725,0.0023117529,false
385,454,0.99867725,0.0021997297,true
1507,456,0.99867725,0.0021900816,true
393,457,0.99867725,0.0021852893,false
832,460,0.99867725,0.0021710375,true
997,463,0.99867725,0.0021569703,true
97,493,0.99867725,0.0020257146,true
620,496,0.99867725,0.0020134621,true
774,498,0.99867725,0.002005376,false
769,505,0.99867725,0.0019775787,false
1457,505,0.99867725,0.0019775787,false
768,506,0.99867725,0.0019736704,false
779,506,0.99867725,0.0019736704,false
815,509,0.99867725,0.0019620378,false
755,513,0.99867725,0.0019467393,false
821,513,0.99867725,0.0019467393,false
823,513,0.99867725,0.0019467393,false
818,515,0.99867725,0.0019391791,false
830,515,0.99867725,0.0019391791,false
976,516,0.99867725,0.001935421,false
786,521,0.99867725,0.001916847,false
1207,521,0.99867725,0.001916847,false
773,525,0.99867725,0.0019022424,false
827,532,0.99867725,0.0018772129,false
1187,532,0.99867725,0.0018772129,true
709,541,0.99867725,0.0018459838,true
420,547,0.99867725,0.0018257353,true
1438,547,0.99867725,0.0018257353,true
826,553,0.99867725,0.0018059263,false
801,555,0.99867725,0.0017994185,true
809,555,0.99867725,0.0017994185,true
790,560,0.99867725,0.0017833522,false
345,562,0.99867725,0.0017770057,false
817,566,0.99867725,0.0017644474,true
1434,569,0.99867725,0.0017551446,true
839,604,0.99867725,0.0016534391,false
754,607,0.99867725,0.0016452672,false
60,610,0.99867725,0.0016371758,true
872,612,0.99867725,0.0016318256,false
749,626,0.99867725,0.0015953311,false
814,630,0.99867725,0.001585202,false
791,631,0.99867725,0.0015826898,false
783,635,0.99867725,0.0015727201,false
784,640,0.99867725,0.0015604332,true
816,663,0.99867725,0.0015063005,true
802,675,0.99867725,0.0014795219,true
861,695,0.99867725,0.0014369456,false
1475,700,0.99867725,0.0014266818,true
756,703,0.99867725,0.0014205935,false
965,711,0.99867725,0.0014046093,true
772,713,0.99867725,0.0014006693,false
373,720,0.99867725,0.0013870518,true
656,722,0.99867725,0.0013832095,true
1381,734,0.99867725,0.0013605957,true
340,741,0.99867725,0.0013477426,true
761,751,0.99867725,0.0013297966,false
800,754,0.99867725,0.0013245057,true
1506,764,0.99867725,0.0013071692,false
759,767,0.99867725,0.0013020564,true
808,795,0.99867725,0.0012561978,false
780,800,0.99867725,0.0012483465,false
798,804,0.99867725,0.0012421359,true
805,835,0.99867725,0.0011960206,false
762,851,0.99867725,0.0011735337,false
1216,857,0.99867725,0.0011653177,false
758,878,0.99867725,0.0011374456,true
760,901,0.99867725,0.0011084098,false
1218,912,0.99867725,0.0010950408,true
776,914,0.99867725,0.0010926446,true
822,916,0.99867725,0.0010902591,true
777,921,0.99867725,0.0010843402,false
825,961,0.99867725,0.0010392063,true
836,1093,0.99867725,9.137029E-4,true
752,1158,0.99867725,8.624156E-4,true
829,1264,0.99867725,7.9009274E-4,true
770,1328,0.99867725,7.52016E-4,false
824,1381,0.99867725,7.2315516E-4,true
757,1389,0.99867725,7.189901E-4,true
828,1445,0.99867725,6.911261E-4,true
838,1900,0.99867725,5.256196E-4,false
1522,2114,0.99867725,4.724112E-4,true
833,2143,0.99867725,4.660183E-4,true
764,2193,0.99867725,4.553932E-4,true
1100,2444,0.99867725,4.0862407E-4,true
611,2521,0.99867725,3.961433E-4,true
835,2596,0.99867725,3.8469848E-4,true
771,2935,0.99867725,3.402648E-4,false
207,22,0.0013227513,6.012506E-5,false
703,22,0.0013227513,6.012506E-5,false
64,24,0.0013227513,5.5114637E-5,false
71,24,0.0013227513,5.5114637E-5,false
551,24,0.0013227513,5.5114637E-5,false
589,24,0.0013227513,5.5114637E-5,false
639,24,0.0013227513,5.5114637E-5,false
953,25,0.0013227513,5.2910054E-5,false
686,26,0.0013227513,5.0875053E-5,false
1177,26,0.0013227513,5.0875053E-5,false
107,27,0.0013227513,4.899079E-5,false
596,27,0.0013227513,4.899079E-5,false
215,28,0.0013227513,4.724112E-5,false
297,28,0.0013227513,4.724112E-5,false
727,28,0.0013227513,4.724112E-5,false
1183,28,0.0013227513,4.724112E-5,false
128,29,0.0013227513,4.5612116E-5,false
550,29,0.0013227513,4.5612116E-5,false
1167,29,0.0013227513,4.5612116E-5,false
1170,29,0.0013227513,4.5612116E-5,false
125,30,0.0013227513,4.409171E-5,true
230,30,0.0013227513,4.409171E-5,false
232,30,0.0013227513,4.409171E-5,false
584,30,0.0013227513,4.409171E-5,false
607,30,0.0013227513,4.409171E-5,false
661,30,0.0013227513,4.409171E-5,false
1091,30,0.0013227513,4.409171E-5,false
77,31,0.0013227513,4.26694E-5,false
132,31,0.0013227513,4.26694E-5,false
165,31,0.0013227513,4.26694E-5,false
236,31,0.0013227513,4.26694E-5,false
327,31,0.0013227513,4.26694E-5,false
721,31,0.0013227513,4.26694E-5,false
1040,31,0.0013227513,4.26694E-5,false
1158,31,0.0013227513,4.26694E-5,false
1160,31,0.0013227513,4.26694E-5,false
1161,31,0.0013227513,4.26694E-5,false
1485,31,0.0013227513,4.26694E-5,false
210,32,0.0013227513,4.1335978E-5,false
326,32,0.0013227513,4.1335978E-5,true
388,32,0.0013227513,4.1335978E-5,false
1159,32,0.0013227513,4.1335978E-5,false
1245,32,0.0013227513,4.1335978E-5,false
235,33,0.0013227513,4.0083374E-5,false
712,33,0.0013227513,4.0083374E-5,false
1105,33,0.0013227513,4.0083374E-5,false
514,34,0.0013227513,3.890445E-5,false
529,34,0.0013227513,3.890445E-5,false
638,35,0.0013227513,3.7792895E-5,false
663,35,0.0013227513,3.7792895E-5,false
738,35,0.0013227513,3.7792895E-5,false
1238,35,0.0013227513,3.7792895E-5,false
1257,35,0.0013227513,3.7792895E-5,false
1406,35,0.0013227513,3.7792895E-5,false
74,36,0.0013227513,3.674309E-5,false
75,36,0.0013227513,3.674309E-5,false
134,36,0.0013227513,3.674309E-5,false
164,36,0.0013227513,3.674309E-5,false
181,36,0.0013227513,3.674309E-5,false
231,36,0.0013227513,3.674309E-5,false
301,36,0.0013227513,3.674309E-5,false
328,36,0.0013227513,3.674309E-5,false
338,36,0.0013227513,3.674309E-5,false
520,36,0.0013227513,3.674309E-5,false
658,36,0.0013227513,3.674309E-5,false
683,36,0.0013227513,3.674309E-5,false
996,36,0.0013227513,3.674309E-5,false
1246,36,0.0013227513,3.674309E-5,false
1262,36,0.0013227513,3.674309E-5,false
523,37,0.0013227513,3.5750036E-5,false
530,37,0.0013227513,3.5750036E-5,false
546,37,0.0013227513,3.5750036E-5,true
722,37,0.0013227513,3.5750036E-5,false
1242,37,0.0013227513,3.5750036E-5,false
1260,37,0.0013227513,3.5750036E-5,false
1555,37,0.0013227513,3.5750036E-5,false
507,38,0.0013227513,3.4809247E-5,false
509,38,0.0013227513,3.4809247E-5,false
1094,38,0.0013227513,3.4809247E-5,false
1227,38,0.0013227513,3.4809247E-5,false
1274,38,0.0013227513,3.4809247E-5,false
1547,38,0.0013227513,3.4809247E-5,false
62,39,0.0013227513,3.39167E-5,false
63,39,0.0013227513,3.39167E-5,false
78,39,0.0013227513,3.39167E-5,false
86,39,0.0013227513,3.39167E-5,false
126,39,0.0013227513,3.39167E-5,true
508,39,0.0013227513,3.39167E-5,false
855,39,0.0013227513,3.39167E-5,false
856,39,0.0013227513,3.39167E-5,false
278,40,0.0013227513,3.3068784E-5,false
851,40,0.0013227513,3.3068784E-5,false
852,40,0.0013227513,3.3068784E-5,false
853,40,0.0013227513,3.3068784E-5,false
1556,40,0.0013227513,3.3068784E-5,false
248,41,0.0013227513,3.226223E-5,false
1284,41,0.0013227513,3.226223E-5,false
1500,41,0.0013227513,3.226223E-5,false
1552,41,0.0013227513,3.226223E-5,false
1554,41,0.0013227513,3.226223E-5,false
104,42,0.0013227513,3.149408E-5,false
994,42,0.0013227513,3.149408E-5,false
135,43,0.0013227513,3.0761657E-5,false
1089,43,0.0013227513,3.0761657E-5,false
1276,43,0.0013227513,3.0761657E-5,false
1499,43,0.0013227513,3.0761657E-5,false
95,44,0.0013227513,3.006253E-5,false
123,44,0.0013227513,3.006253E-5,true
178,44,0.0013227513,3.006253E-5,false
339,44,0.0013227513,3.006253E-5,false
522,44,0.0013227513,3.006253E-5,false
650,44,0.0013227513,3.006253E-5,false
854,44,0.0013227513,3.006253E-5,false
1409,44,0.0013227513,3.006253E-5,false
131,45,0.0013227513,2.9394474E-5,false
725,45,0.0013227513,2.9394474E-5,false
1231,45,0.0013227513,2.9394474E-5,false
335,46,0.0013227513,2.8755463E-5,false
1248,46,0.0013227513,2.8755463E-5,false
1398,46,0.0013227513,2.8755463E-5,false
1559,46,0.0013227513,2.8755463E-5,false
87,47,0.0013227513,2.8143646E-5,false
108,47,0.0013227513,2.8143646E-5,false
1236,47,0.0013227513,2.8143646E-5,false
194,48,0.0013227513,2.7557318E-5,false
223,48,0.0013227513,2.7557318E-5,false
369,48,0.0013227513,2.7557318E-5,false
1090,48,0.0013227513,2.7557318E-5,false
1241,48,0.0013227513,2.7557318E-5,false
124,49,0.0013227513,2.6994925E-5,false
387,49,0.0013227513,2.6994925E-5,false
537,49,0.0013227513,2.6994925E-5,false
1486,49,0.0013227513,2.6994925E-5,false
121,50,0.0013227513,2.6455027E-5,false
148,50,0.0013227513,2.6455027E-5,false
276,50,0.0013227513,2.6455027E-5,false
429,50,0.0013227513,2.6455027E-5,false
590,50,0.0013227513,2.6455027E-5,false
591,50,0.0013227513,2.6455027E-5,false
1545,50,0.0013227513,2.6455027E-5,false
180,51,0.0013227513,2.59363E-5,false
1261,51,0.0013227513,2.59363E-5,false
1263,51,0.0013227513,2.59363E-5,false
147,52,0.0013227513,2.5437526E-5,false
667,52,0.0013227513,2.5437526E-5,false
1250,52,0.0013227513,2.5437526E-5,false
545,53,0.0013227513,2.4957571E-5,false
68,54,0.0013227513,2.4495395E-5,false
216,54,0.0013227513,2.4495395E-5,false
256,54,0.0013227513,2.4495395E-5,false
286,55,0.0013227513,2.4050025E-5,false
666,55,0.0013227513,2.4050025E-5,false
1042,55,0.0013227513,2.4050025E-5,false
1092,55,0.0013227513,2.4050025E-5,false
1292,55,0.0013227513,2.4050025E-5,false
237,56,0.0013227513,2.362056E-5,false
558,56,0.0013227513,2.362056E-5,false
1176,56,0.0013227513,2.362056E-5,false
1132,57,0.0013227513,2.3206163E-5,false
1412,57,0.0013227513,2.3206163E-5,false
70,58,0.0013227513,2.2806058E-5,false
118,58,0.0013227513,2.2806058E-5,false
807,44114,0.99867725,2.2638556E-5,true
329,59,0.0013227513,2.2419514E-5,false
413,59,0.0013227513,2.2419514E-5,false
583,59,0.0013227513,2.2419514E-5,false
672,59,0.0013227513,2.2419514E-5,false
1217,59,0.0013227513,2.2419514E-5,false
137,60,0.0013227513,2.2045855E-5,false
334,60,0.0013227513,2.2045855E-5,false
502,60,0.0013227513,2.2045855E-5,false
1386,60,0.0013227513,2.2045855E-5,false
671,61,0.0013227513,2.1684447E-5,false
972,61,0.0013227513,2.1684447E-5,false
65,62,0.0013227513,2.13347E-5,false
115,62,0.0013227513,2.13347E-5,true
569,62,0.0013227513,2.13347E-5,false
592,63,0.0013227513,2.0996053E-5,false
72,64,0.0013227513,2.0667989E-5,false
159,64,0.0013227513,2.0667989E-5,false
1196,64,0.0013227513,2.0667989E-5,false
1465,64,0.0013227513,2.0667989E-5,false
668,65,0.0013227513,2.035002E-5,false
1083,65,0.0013227513,2.035002E-5,false
177,66,0.0013227513,2.0041687E-5,false
324,66,0.0013227513,2.0041687E-5,false
1239,66,0.0013227513,2.0041687E-5,true
1294,66,0.0013227513,2.0041687E-5,true
1436,66,0.0013227513,2.0041687E-5,false
517,67,0.0013227513,1.9742558E-5,false
526,67,0.0013227513,1.9742558E-5,false
146,68,0.0013227513,1.9452225E-5,false
322,68,0.0013227513,1.9452225E-5,false
145,69,0.0013227513,1.917031E-5,false
415,69,0.0013227513,1.917031E-5,false
595,69,0.0013227513,1.917031E-5,false
1093,69,0.0013227513,1.917031E-5,false
1553,69,0.0013227513,1.917031E-5,false
85,71,0.0013227513,1.86303E-5,false
89,71,0.0013227513,1.86303E-5,false
206,71,0.0013227513,1.86303E-5,false
195,72,0.0013227513,1.8371546E-5,false
1396,72,0.0013227513,1.8371546E-5,false
1530,72,0.0013227513,1.8371546E-5,false
88,74,0.0013227513,1.7875018E-5,false
229,25,4.4169612E-4,1.7667844E-5,false
208,75,0.0013227513,1.7636685E-5,false
956,75,0.0013227513,1.7636685E-5,false
1502,75,0.0013227513,1.7636685E-5,false
600,76,0.0013227513,1.7404624E-5,false
66,77,0.0013227513,1.7178589E-5,false
67,77,0.0013227513,1.7178589E-5,false
1021,77,0.0013227513,1.7178589E-5,false
244,26,4.4169612E-4,1.6988311E-5,false
711,78,0.0013227513,1.695835E-5,false
127,80,0.0013227513,1.6534392E-5,true
296,80,0.0013227513,1.6534392E-5,false
233,27,4.4169612E-4,1.6359116E-5,false
977,81,0.0013227513,1.6330263E-5,false
1404,81,0.0013227513,1.6330263E-5,false
192,82,0.0013227513,1.6131115E-5,false
604,82,0.0013227513,1.6131115E-5,true
299,83,0.0013227513,1.5936763E-5,false
723,83,0.0013227513,1.5936763E-5,false
266,85,0.0013227513,1.556178E-5,false
535,85,0.0013227513,1.556178E-5,false
1032,85,0.0013227513,1.556178E-5,false
84,88,0.0013227513,1.5031265E-5,false
913,88,0.0013227513,1.5031265E-5,false
80,89,0.0013227513,1.4862374E-5,false
171,91,0.0013227513,1.4535729E-5,false
1253,91,0.0013227513,1.4535729E-5,false
1044,92,0.0013227513,1.43777315E-5,false
260,93,0.0013227513,1.4223133E-5,false
960,94,0.0013227513,1.4071823E-5,false
241,95,0.0013227513,1.3923698E-5,false
375,97,0.0013227513,1.3636612E-5,false
168,101,0.0013227513,1.3096548E-5,false
238,101,0.0013227513,1.3096548E-5,false
1402,52,6.6225167E-4,1.2735609E-5,false
184,104,0.0013227513,1.2718763E-5,false
1229,104,0.0013227513,1.2718763E-5,true
254,105,0.0013227513,1.2597631E-5,false
736,105,0.0013227513,1.2597631E-5,false
170,106,0.0013227513,1.2478786E-5,false
173,106,0.0013227513,1.2478786E-5,false
214,109,0.0013227513,1.2135333E-5,false
399,111,0.0013227513,1.1916679E-5,false
966,111,0.0013227513,1.1916679E-5,false
568,56,6.6225167E-4,1.1825922E-5,false
1098,112,0.0013227513,1.181028E-5,true
50,113,0.0013227513,1.1705764E-5,false
1088,114,0.0013227513,1.16030815E-5,false
1510,115,0.0013227513,1.1502186E-5,false
1527,115,0.0013227513,1.1502186E-5,false
272,29,3.3134528E-4,1.1425699E-5,false
331,29,3.3134528E-4,1.1425699E-5,false
1020,116,0.0013227513,1.1403029E-5,true
259,117,0.0013227513,1.1305567E-5,false
679,118,0.0013227513,1.1209757E-5,false
1549,118,0.0013227513,1.1209757E-5,false
973,119,0.0013227513,1.1115558E-5,false
305,120,0.0013227513,1.10229275E-5,false
1490,121,0.0013227513,1.0931829E-5,false
1498,121,0.0013227513,1.0931829E-5,true
374,124,0.0013227513,1.066735E-5,false
153,125,0.0013227513,1.0582011E-5,false
664,125,0.0013227513,1.0582011E-5,false
1494,125,0.0013227513,1.0582011E-5,true
993,126,0.0013227513,1.0498026E-5,false
746,129,0.0013227513,1.0253886E-5,false
142,131,0.0013227513,1.0097338E-5,false
1484,132,0.0013227513,1.0020844E-5,true
336,133,0.0013227513,9.945498E-6,false
430,133,0.0013227513,9.945498E-6,true
174,143,0.0013227513,9.2500095E-6,false
49,145,0.0013227513,9.122423E-6,false
167,74,6.6225167E-4,8.949347E-6,false
403,75,6.6225167E-4,8.830022E-6,false
1546,38,3.3134528E-4,8.719612E-6,true
391,152,0.0013227513,8.702312E-6,true
157,153,0.0013227513,8.645434E-6,false
570,154,0.0013227513,8.589294E-6,false
582,157,0.0013227513,8.425168E-6,false
426,158,0.0013227513,8.371844E-6,true
351,40,3.3134528E-4,8.283631E-6,false
348,83,6.6225167E-4,7.978935E-6,false
282,171,0.0013227513,7.735388E-6,false
43,180,0.0013227513,7.3486185E-6,false
586,182,0.0013227513,7.2678645E-6,false
594,182,0.0013227513,7.2678645E-6,false
1468,188,0.0013227513,7.0359115E-6,false
1557,97,6.6225167E-4,6.8273366E-6,false
4,198,0.0013227513,6.6805624E-6,false
394,198,0.0013227513,6.6805624E-6,false
42,201,0.0013227513,6.580852E-6,false
101,201,0.0013227513,6.580852E-6,true
149,202,0.0013227513,6.548274E-6,false
269,202,0.0013227513,6.548274E-6,false
120,205,0.0013227513,6.4524456E-6,false
271,30,1.8939393E-4,6.3131315E-6,false
1536,105,6.6225167E-4,6.3071584E-6,false
330,44,2.6511136E-4,6.025258E-6,false
390,220,0.0013227513,6.012506E-6,false
651,222,0.0013227513,5.9583394E-6,false
376,223,0.0013227513,5.9316203E-6,false
103,225,0.0013227513,5.8788946E-6,false
1420,117,6.6225167E-4,5.6602707E-6,true
402,235,0.0013227513,5.628729E-6,false
1394,238,0.0013227513,5.557779E-6,false
554,120,6.6225167E-4,5.518764E-6,false
1166,246,0.0013227513,5.3770377E-6,true
1429,267,0.0013227513,4.954125E-6,false
1503,136,6.6225167E-4,4.8694974E-6,false
493,295,0.0013227513,4.483903E-6,false
2,302,0.0013227513,4.3799714E-6,false
553,306,0.0013227513,4.322717E-6,true
421,309,0.0013227513,4.2807487E-6,true
304,312,0.0013227513,4.2395877E-6,false
32,164,6.6225167E-4,4.0381196E-6,true
525,334,0.0013227513,3.9603333E-6,false
1188,337,0.0013227513,3.925078E-6,true
500,341,0.0013227513,3.8790363E-6,true
992,350,0.0013227513,3.7792895E-6,false
56,368,0.0013227513,3.5944329E-6,false
699,386,0.0013227513,3.4268169E-6,false
775,387,0.0013227513,3.417962E-6,false
744,393,0.0013227513,3.3657795E-6,false
371,396,0.0013227513,3.3402812E-6,false
626,399,0.0013227513,3.3151662E-6,true
751,405,0.0013227513,3.2660525E-6,false
753,405,0.0013227513,3.2660525E-6,false
767,405,0.0013227513,3.2660525E-6,false
781,405,0.0013227513,3.2660525E-6,false
782,405,0.0013227513,3.2660525E-6,false
789,405,0.0013227513,3.2660525E-6,false
792,405,0.0013227513,3.2660525E-6,false
793,405,0.0013227513,3.2660525E-6,false
797,405,0.0013227513,3.2660525E-6,false
794,406,0.0013227513,3.2580083E-6,false
637,420,0.0013227513,3.1494078E-6,true
778,421,0.0013227513,3.1419272E-6,false
731,427,0.0013227513,3.0977783E-6,true
1380,439,0.0013227513,3.013101E-6,false
698,447,0.0013227513,2.9591752E-6,false
625,452,0.0013227513,2.926441E-6,false
766,457,0.0013227513,2.894423E-6,true
795,457,0.0013227513,2.894423E-6,true
799,459,0.0013227513,2.8818113E-6,true
785,460,0.0013227513,2.8755464E-6,true
763,462,0.0013227513,2.8630982E-6,false
787,465,0.0013227513,2.8446266E-6,true
796,470,0.0013227513,2.8143645E-6,true
803,470,0.0013227513,2.8143645E-6,true
804,474,0.0013227513,2.7906146E-6,true
1550,513,0.0013227513,2.5784627E-6,true
985,518,0.0013227513,2.553574E-6,true
362,531,0.0013227513,2.491057E-6,false
732,633,0.0013227513,2.0896546E-6,true
1517,672,0.0013227513,1.96838E-6,false
1466,2357,0.0013227513,5.6120126E-7,true
